PlantHeight
	diff	lwr	upr	p adj
Ir24GfOr-Ir24SedOr	28.2	-10.2129012258739	66.6129012258739	0.31921821942162
Ir24IedOr-Ir24SedOr	31.1	-10.979225001258	73.179225001258	0.310761489839633
Ir24JedOr-Ir24SedOr	43.2	1.12077499874201	85.279225001258	0.03982319590931
Ir24SeOr-Ir24SedOr	44.0666666666667	5.65376544079276	82.4795678925406	0.0131079587974037
Ir24JeOr-Ir24SedOr	92.6	54.1870987741261	131.012901225874	8.24206147775897e-10
Ir24GfIn-Ir24SedOr	118.25	81.8083221773493	154.691677822651	8.69304628281498e-14
Ir24IeOr-Ir24SedOr	122.133333333333	83.7204321074594	160.546234559207	9.29256671611256e-14
Ir24IedOr-Ir24GfOr	2.90000000000001	-35.5129012258739	41.3129012258739	0.9999979606223
Ir24JedOr-Ir24GfOr	15	-23.4129012258739	53.4129012258739	0.927675126886556
Ir24SeOr-Ir24GfOr	15.8666666666667	-18.490876674949	50.2242100082823	0.841608611304966
Ir24JeOr-Ir24GfOr	64.4	30.0424566583844	98.7575433416156	2.04745922138816e-06
Ir24GfIn-Ir24GfOr	90.05	57.9114610411095	122.18853895889	2.04991579266789e-12
Ir24IeOr-Ir24GfOr	93.9333333333333	59.5757899917177	128.290876674949	5.74573721934257e-12
Ir24JedOr-Ir24IedOr	12.1	-29.979225001258	54.179225001258	0.986372518839086
Ir24SeOr-Ir24IedOr	12.9666666666667	-25.4462345592073	51.3795678925406	0.96624030319398
Ir24JeOr-Ir24IedOr	61.5	23.0870987741261	99.9129012258739	7.68830646408203e-05
Ir24GfIn-Ir24IedOr	87.15	50.7083221773493	123.591677822651	1.10202746927968e-09
Ir24IeOr-Ir24IedOr	91.0333333333333	52.6204321074594	129.446234559207	1.52863510738399e-09
Ir24SeOr-Ir24JedOr	0.866666666666674	-37.5462345592073	39.2795678925406	0.999999999548737
Ir24JeOr-Ir24JedOr	49.4	10.9870987741261	87.8129012258739	0.00314449751727219
Ir24GfIn-Ir24JedOr	75.05	38.6083221773493	111.491677822651	1.50279248822827e-07
Ir24IeOr-Ir24JedOr	78.9333333333333	40.5204321074594	117.346234559207	1.60541501648126e-07
Ir24JeOr-Ir24SeOr	48.5333333333333	14.1757899917177	82.890876674949	0.000759960959356931
Ir24GfIn-Ir24SeOr	74.1833333333333	42.0447943744428	106.321872292224	3.86532172935716e-09
Ir24IeOr-Ir24SeOr	78.0666666666666	43.709123325051	112.424210008282	6.62787758010097e-09
Ir24GfIn-Ir24JeOr	25.65	-6.48853895889053	57.7885389588905	0.220329297388002
Ir24IeOr-Ir24JeOr	29.5333333333333	-4.82421000828234	63.8908766749489	0.147179352695711
Ir24IeOr-Ir24GfIn	3.88333333333333	-28.2552056255572	36.0218722922238	0.999948631955863
