RootLength
	diff	lwr	upr	p adj
Ir24IedOr-Ir24GfOr	0.466666666666669	-25.3963963073899	26.3297296407233	0.99999999990545
Ir24SeOr-Ir24GfOr	1.66666666666667	-21.4659600998727	24.799293433206	0.999998524092503
Ir24JedOr-Ir24GfOr	15.3666666666667	-10.4963963073899	41.2297296407232	0.595488512610505
Ir24SedOr-Ir24GfOr	18.4666666666667	-7.39639630738991	44.3297296407233	0.354817133351112
Ir24GfIn-Ir24GfOr	24.3666666666667	2.72807571254002	46.0052576207933	0.016070024053248
Ir24JeOr-Ir24GfOr	46	22.8673732334606	69.1326267665394	4.14181975272321e-07
Ir24IeOr-Ir24GfOr	65.5333333333333	42.400706566794	88.6659600998727	1.29374289059569e-12
Ir24SeOr-Ir24IedOr	1.2	-24.6630629740566	27.0630629740566	0.999999930654393
Ir24JedOr-Ir24IedOr	14.9	-13.4315659941349	43.2315659941349	0.732608791723097
Ir24SedOr-Ir24IedOr	18	-10.3315659941349	46.3315659941349	0.509552518181629
Ir24GfIn-Ir24IedOr	23.9	-0.635855879916139	48.4358558799161	0.0619781982404504
Ir24JeOr-Ir24IedOr	45.5333333333333	19.6702703592767	71.3963963073899	9.62538122117884e-06
Ir24IeOr-Ir24IedOr	65.0666666666666	39.2036036926101	90.9297296407232	1.65584324030021e-10
Ir24JedOr-Ir24SeOr	13.7	-12.1630629740566	39.5630629740566	0.725404470483711
Ir24SedOr-Ir24SeOr	16.8	-9.06306297405659	42.6630629740566	0.480211824206295
Ir24GfIn-Ir24SeOr	22.7	1.06140904587334	44.3385909541266	0.0327102566957421
Ir24JeOr-Ir24SeOr	44.3333333333333	21.200706566794	67.4659600998727	1.14165577247416e-06
Ir24IeOr-Ir24SeOr	63.8666666666666	40.7340399001273	86.999293433206	3.80673270683474e-12
Ir24SedOr-Ir24JedOr	3.1	-25.2315659941349	31.4315659941349	0.999973847979809
Ir24GfIn-Ir24JedOr	8.99999999999999	-15.5358558799161	33.5358558799161	0.947429995669127
Ir24JeOr-Ir24JedOr	30.6333333333333	4.77027035927675	56.4963963073899	0.00906757636083599
Ir24IeOr-Ir24JedOr	50.1666666666667	24.3036036926101	76.0297296407232	8.24961600587315e-07
Ir24GfIn-Ir24SedOr	5.89999999999999	-18.6358558799161	30.4358558799161	0.995356867137201
Ir24JeOr-Ir24SedOr	27.5333333333333	1.67027035927675	53.3963963073899	0.0284642028817409
Ir24IeOr-Ir24SedOr	47.0666666666666	21.2036036926101	72.9297296407232	4.32576388298411e-06
Ir24JeOr-Ir24GfIn	21.6333333333333	-0.00525762079330505	43.27192428746	0.0501023218890513
Ir24IeOr-Ir24GfIn	41.1666666666667	19.52807571254	62.8052576207933	1.38788436487847e-06
Ir24IeOr-Ir24JeOr	19.5333333333333	-3.59929343320604	42.6659600998727	0.163273945796694
