FreshWeight
	diff	lwr	upr	p adj
Ir24GfIn0v2-Ir24IeIn0v2	0.0342857142857143	-0.0518823647389576	0.120453793310386	0.853053623362056
Ir24IeIn1v1-Ir24IeIn0v2	0.0807142857142857	-0.0054537933103862	0.166882364738958	0.0794235431277172
Ir24GfIn2v0-Ir24IeIn0v2	0.141428571428571	0.0552604924038995	0.227596650453243	0.000108945112715864
Ir24IeIn2v0-Ir24IeIn0v2	0.142857142857143	0.056689063832471	0.229025221881815	9.05767920986733e-05
Ir24GfIn1v1-Ir24IeIn0v2	0.145714285714286	0.0595462066896137	0.231882364738958	6.24254250365386e-05
Ir24IeIn1v1-Ir24GfIn0v2	0.0464285714285714	-0.0397395075961005	0.132596650453243	0.617710778503963
Ir24GfIn2v0-Ir24GfIn0v2	0.107142857142857	0.0209747781181852	0.193310936167529	0.00641577530322945
Ir24IeIn2v0-Ir24GfIn0v2	0.108571428571429	0.0224033495467567	0.194739507596101	0.00550108094968316
Ir24GfIn1v1-Ir24GfIn0v2	0.111428571428571	0.0252604924038994	0.197596650453243	0.00402510064874684
Ir24GfIn2v0-Ir24IeIn1v1	0.0607142857142857	-0.0254537933103862	0.146882364738958	0.31968500997999
Ir24IeIn2v0-Ir24IeIn1v1	0.0621428571428572	-0.0240252218818148	0.148310936167529	0.294486048900721
Ir24GfIn1v1-Ir24IeIn1v1	0.0649999999999999	-0.021168079024672	0.151168079024672	0.247787419994382
Ir24IeIn2v0-Ir24GfIn2v0	0.00142857142857145	-0.0847395075961005	0.0875966504532434	0.999999960904041
Ir24GfIn1v1-Ir24GfIn2v0	0.00428571428571423	-0.0818823647389577	0.0904537933103862	0.999990604413215
Ir24GfIn1v1-Ir24IeIn2v0	0.00285714285714278	-0.0833109361675292	0.0890252218818147	0.99999875412187
