PlantHeight
	diff	lwr	upr	p adj
NipIeIn2v0-NipIeIn0v2	34.8571428571428	6.01808940427691	63.6961963100088	0.00882495770252401
NipGfIn0v2-NipIeIn0v2	36.9670329670329	7.57861484699929	66.3554510870666	0.00562473785980377
NipIeIn1v1-NipIeIn0v2	38.5714285714286	9.73237511856263	67.4104820242945	0.00263567647369689
NipGfIn2v0-NipIeIn0v2	45.4999999999999	16.660946547134	74.3390534528659	0.000221034277960275
NipGfIn1v1-NipIeIn0v2	50.9999999999999	22.160946547134	79.8390534528659	2.61868564978007e-05
NipGfIn0v2-NipIeIn2v0	2.1098901098901	-27.2785280101435	31.4983082299237	0.99994178268531
NipIeIn1v1-NipIeIn2v0	3.71428571428572	-25.1247677385802	32.5533391671516	0.998978543463965
NipGfIn2v0-NipIeIn2v0	10.6428571428571	-18.1961963100088	39.481910595723	0.888417357704419
NipGfIn1v1-NipIeIn2v0	16.1428571428571	-12.6961963100088	44.981910595723	0.577654706433107
NipIeIn1v1-NipGfIn0v2	1.60439560439562	-27.784022515638	30.9928137244293	0.999985035342489
NipGfIn2v0-NipGfIn0v2	8.53296703296701	-20.8554510870666	37.9213851530006	0.957203920098264
NipGfIn1v1-NipGfIn0v2	14.032967032967	-15.3554510870666	43.4213851530006	0.7295219848273
NipGfIn2v0-NipIeIn1v1	6.92857142857139	-21.9104820242945	35.7676248814373	0.981149147060182
NipGfIn1v1-NipIeIn1v1	12.4285714285714	-16.4104820242945	41.2676248814373	0.80570704410861
NipGfIn1v1-NipGfIn2v0	5.5	-23.3390534528659	34.3390534528659	0.993406569896769
