Sample	berger_parker	buzas_gibson	chao1	dominance	equitability	jost	jost1	reads	richness	robbins	simpson	shannon_e	shannon_2	shannon_10
B4012Hb	0.264	0.0183	956.1	0.920	0.659	24.6	91.3	5000.0	943.0	0.683	0.0799	4.51	6.51	1.96
B4012Hc	0.110	0.0469	1258.7	0.975	0.765	78.6	234.6	5000.0	1250.0	0.649	0.0246	5.46	7.87	2.37
B4012He	0.199	0.0279	1085.4	0.949	0.707	38.9	139.3	5000.0	1078.0	0.635	0.0514	4.94	7.12	2.14
B4014Ha	0.203	0.024	1159.0	0.939	0.679	31.3	119.9	5000.0	1147.0	0.693	0.0608	4.79	6.91	2.08
B4014Hc	0.228	0.0139	1009.2	0.908	0.614	18.5	69.5	5000.0	997.0	0.692	0.0919	4.24	6.12	1.84
B4014Hd	0.189	0.0164	955.2	0.936	0.643	25.8	81.8	5000.0	943.0	0.674	0.0637	4.40	6.35	1.91
B4018Ha	0.0392	0.125	1687.8	0.994	0.866	296.7	622.7	5000.0	1681.0	0.617	0.00616	6.43	9.28	2.79
B4018Hd	0.0436	0.074	1257.0	0.991	0.829	181.1	370.2	5000.0	1250.0	0.597	0.00925	5.91	8.53	2.57
B4018Hf	0.0432	0.106	1601.0	0.993	0.851	247.5	531.3	5000.0	1593.0	0.637	0.00729	6.28	9.05	2.73
B4019Ha	0.121	0.0536	1387.5	0.972	0.774	76.6	268.0	5000.0	1377.0	0.652	0.0284	5.59	8.07	2.43
B4019Hb	0.152	0.0415	1209.7	0.967	0.752	62.5	207.5	5000.0	1200.0	0.654	0.0335	5.34	7.70	2.32
B4019Hc	0.111	0.0415	1128.0	0.976	0.760	77.6	207.7	5000.0	1116.0	0.639	0.0237	5.34	7.70	2.32
C4025Hc	0.126	0.0506	1238.3	0.977	0.778	89.9	252.8	5000.0	1228.0	0.662	0.0229	5.53	7.98	2.40
C4025He	0.187	0.0394	1278.7	0.957	0.739	50.5	197.1	5000.0	1268.0	0.663	0.0435	5.28	7.62	2.29
C4025Hf	0.132	0.0617	1422.0	0.974	0.790	88.3	308.6	5000.0	1413.0	0.622	0.0257	5.73	8.27	2.49
D4034Hc	0.0526	0.107	1593.5	0.992	0.853	233.9	537.2	5000.0	1586.0	0.619	0.00844	6.29	9.07	2.73
D4034Hd	0.110	0.0618	1482.3	0.976	0.786	90.8	309.0	5000.0	1474.0	0.652	0.0236	5.73	8.27	2.49
D4034He	0.102	0.0769	1622.2	0.980	0.806	112.8	384.5	5000.0	1613.0	0.655	0.0198	5.95	8.59	2.58
D4037Ha	0.0718	0.0869	1603.0	0.987	0.824	161.5	434.5	5000.0	1594.0	0.657	0.0125	6.07	8.76	2.64
D4037Hc	0.132	0.0568	1377.7	0.975	0.782	88.0	284.0	5000.0	1368.0	0.651	0.0247	5.65	8.15	2.45
D4037Hf	0.0702	0.0725	1419.3	0.987	0.813	142.9	362.5	5000.0	1410.0	0.646	0.0134	5.89	8.50	2.56
E4043Ha	0.058	0.0578	1277.8	0.985	0.793	117.8	289.1	5000.0	1268.0	0.635	0.0148	5.67	8.18	2.46
E4043Hc	0.0816	0.0687	1469.5	0.983	0.801	116.0	343.4	5000.0	1460.0	0.647	0.0175	5.84	8.42	2.54
E4043Hf	0.0674	0.0982	1620.1	0.989	0.839	187.4	490.8	5000.0	1614.0	0.620	0.0111	6.20	8.94	2.69
E4045Hd	0.0424	0.101	1586.8	0.992	0.845	224.3	504.7	5000.0	1577.0	0.648	0.00823	6.22	8.98	2.70
E4045He	0.102	0.0612	1363.2	0.982	0.794	110.7	306.1	5000.0	1353.0	0.654	0.0181	5.72	8.26	2.49
E4045Hf	0.0674	0.0787	1481.6	0.986	0.819	142.4	393.4	5000.0	1475.0	0.624	0.0143	5.97	8.62	2.59
E4049Ha	0.07	0.0756	1409.1	0.988	0.819	153.2	377.9	5000.0	1402.0	0.619	0.0123	5.93	8.56	2.58
E4049Hc	0.0896	0.054	1323.8	0.979	0.780	91.7	270.2	5000.0	1315.0	0.648	0.0215	5.60	8.08	2.43
E4049Hd	0.112	0.0352	1064.2	0.972	0.743	64.4	176.0	5000.0	1056.0	0.645	0.0282	5.17	7.46	2.25
F4056Hb	0.0544	0.101	1622.5	0.991	0.842	212.6	504.3	5000.0	1615.0	0.637	0.0091	6.22	8.98	2.70
F4056Hd	0.063	0.047	1187.0	0.983	0.772	98.6	234.8	5000.0	1175.0	0.662	0.0169	5.46	7.88	2.37
F4056He	0.0454	0.119	1806.8	0.992	0.852	240.9	593.2	5000.0	1798.0	0.664	0.00823	6.39	9.21	2.77
G4062Ha	0.118	0.0424	1252.3	0.970	0.752	64.9	212.2	5000.0	1244.0	0.638	0.0301	5.36	7.73	2.33
G4062Hb	0.187	0.0266	1014.8	0.953	0.707	41.5	133.1	5000.0	1007.0	0.634	0.0466	4.89	7.06	2.12
G4062Hf	0.117	0.0369	1134.9	0.969	0.743	61.1	184.6	5000.0	1125.0	0.644	0.0313	5.22	7.53	2.27
G4066Ha	0.155	0.0259	1007.1	0.958	0.705	43.0	129.4	5000.0	992.0	0.670	0.0423	4.86	7.02	2.11
G4066Hb	0.0654	0.0731	1485.0	0.985	0.809	132.8	365.4	5000.0	1478.0	0.629	0.0145	5.90	8.51	2.56
G4066Hc	0.0636	0.0751	1479.1	0.987	0.813	147.9	375.7	5000.0	1473.0	0.634	0.0126	5.93	8.55	2.57
H4075Hc	0.143	0.0215	872.5	0.962	0.692	43.5	107.5	5000.0	858.0	0.671	0.0375	4.68	6.75	2.03
H4075He	0.185	0.0333	1155.9	0.953	0.726	43.8	166.6	5000.0	1147.0	0.624	0.0472	5.12	7.38	2.22
H4075Hf	0.232	0.0188	932.8	0.932	0.665	27.4	94.0	5000.0	925.0	0.633	0.0679	4.54	6.55	1.97
H4076Hc	0.0908	0.0408	1097.3	0.979	0.761	81.1	203.9	5000.0	1087.0	0.633	0.0215	5.32	7.67	2.31
H4076He	0.207	0.0216	1074.2	0.937	0.672	29.9	107.8	5000.0	1061.0	0.693	0.0627	4.68	6.75	2.03
H4076Hf	0.143	0.0507	1352.2	0.971	0.769	75.1	253.5	5000.0	1341.0	0.672	0.0289	5.54	7.99	2.40
H4080Ha	0.129	0.032	1130.9	0.968	0.723	56.0	160.0	5000.0	1118.0	0.685	0.0315	5.08	7.32	2.20
H4080Hd	0.0986	0.0461	1164.9	0.980	0.771	89.6	230.3	5000.0	1155.0	0.637	0.0203	5.44	7.85	2.36
H4080He	0.0516	0.0873	1489.8	0.991	0.833	190.6	436.7	5000.0	1482.0	0.625	0.00944	6.08	8.77	2.64
K4093Ha	0.165	0.0613	1500.3	0.969	0.784	78.5	306.4	5000.0	1490.0	0.658	0.0315	5.73	8.26	2.49
K4093Hd	0.0922	0.0452	1220.7	0.978	0.763	82.3	225.8	5000.0	1211.0	0.654	0.0222	5.42	7.82	2.35
K4093He	0.115	0.0585	1441.2	0.977	0.782	90.2	292.7	5000.0	1432.0	0.660	0.0231	5.68	8.19	2.47
K4094Ha	0.240	0.0255	1197.4	0.930	0.685	29.2	127.6	5000.0	1186.0	0.676	0.07	4.85	7.00	2.11
K4094Hb	0.179	0.0118	696.6	0.936	0.625	24.0	59.1	5000.0	683.0	0.678	0.064	4.08	5.89	1.77
K4094Hc	0.195	0.0331	1216.3	0.949	0.720	41.4	165.7	5000.0	1210.0	0.630	0.0508	5.11	7.37	2.22
K4096Hb	0.183	0.0358	1266.8	0.956	0.727	47.6	179.0	5000.0	1255.0	0.687	0.0441	5.19	7.48	2.25
K4096Hd	0.127	0.05	1393.0	0.966	0.763	64.7	250.0	5000.0	1385.0	0.640	0.0339	5.52	7.97	2.40
K4096Hf	0.206	0.0236	1128.4	0.942	0.680	32.6	118.0	5000.0	1114.0	0.697	0.058	4.77	6.88	2.07
L4105Ha	0.106	0.0762	1530.2	0.983	0.811	127.6	381.2	5000.0	1523.0	0.644	0.0172	5.94	8.57	2.58
L4105Hb	0.129	0.0294	1125.7	0.962	0.712	47.2	147.2	5000.0	1111.0	0.692	0.0383	4.99	7.20	2.17
L4105Hc	0.0874	0.122	1831.6	0.989	0.854	212.1	608.1	5000.0	1823.0	0.650	0.0114	6.41	9.25	2.78
M4112Ha	0.0902	0.0948	1664.8	0.986	0.831	160.2	474.1	5000.0	1657.0	0.641	0.0139	6.16	8.89	2.68
M4112Hb	0.142	0.0543	1389.3	0.973	0.775	80.9	271.4	5000.0	1381.0	0.651	0.0271	5.60	8.08	2.43
M4112Hd	0.152	0.0511	1373.9	0.970	0.768	72.8	255.3	5000.0	1364.0	0.667	0.0304	5.54	8.00	2.41
M4113Hb	0.0724	0.0956	1558.1	0.990	0.840	195.6	478.0	5000.0	1551.0	0.617	0.0102	6.17	8.90	2.68
M4113Hd	0.0742	0.0681	1429.3	0.986	0.803	132.3	340.5	5000.0	1418.0	0.662	0.0143	5.83	8.41	2.53
M4113Hf	0.0592	0.0703	1410.2	0.987	0.809	142.0	351.4	5000.0	1403.0	0.634	0.0128	5.86	8.46	2.55
M4114Hb	0.134	0.0505	1237.1	0.974	0.778	82.6	252.5	5000.0	1229.0	0.622	0.0257	5.53	7.98	2.40
M4114He	0.0658	0.109	1676.0	0.991	0.849	219.3	543.7	5000.0	1669.0	0.632	0.00943	6.30	9.09	2.74
M4114Hf	0.0744	0.0804	1528.5	0.985	0.818	143.2	402.1	5000.0	1521.0	0.635	0.0146	6.00	8.65	2.60
M4115Hc	0.0726	0.044	1212.2	0.979	0.760	82.7	219.9	5000.0	1202.0	0.649	0.0209	5.39	7.78	2.34
M4115Hd	0.128	0.059	1488.1	0.972	0.779	79.6	295.0	5000.0	1478.0	0.660	0.0281	5.69	8.20	2.47
M4115He	0.130	0.0473	1324.5	0.968	0.761	65.8	236.4	5000.0	1317.0	0.634	0.0323	5.47	7.89	2.37
M4117Ha	0.168	0.0415	1298.1	0.962	0.745	56.8	207.4	5000.0	1288.0	0.659	0.0375	5.33	7.70	2.32
M4117Hc	0.329	0.00939	853.8	0.871	0.572	13.1	46.9	5000.0	836.0	0.720	0.129	3.85	5.55	1.67
M4117Hf	0.223	0.0291	1241.7	0.940	0.700	34.7	145.7	5000.0	1233.0	0.673	0.06	4.98	7.19	2.16
M4118Ha	0.185	0.0445	1380.4	0.958	0.748	55.0	222.6	5000.0	1372.0	0.670	0.0416	5.41	7.80	2.35
M4118Hb	0.0722	0.0808	1448.4	0.987	0.825	157.6	404.1	5000.0	1440.0	0.625	0.0128	6.00	8.66	2.61
M4118Hc	0.194	0.0216	958.9	0.938	0.683	30.5	107.9	5000.0	948.0	0.641	0.0619	4.68	6.75	2.03
M4119Ha	0.170	0.0158	900.9	0.938	0.644	26.1	79.0	5000.0	888.0	0.675	0.0624	4.37	6.30	1.90
M4119Hb	0.167	0.0421	1228.2	0.964	0.753	60.6	210.5	5000.0	1219.0	0.638	0.0357	5.35	7.72	2.32
M4119Hd	0.178	0.0326	1312.5	0.946	0.710	37.6	162.8	5000.0	1301.0	0.677	0.0544	5.09	7.35	2.21
M4120Hd	0.366	0.0171	1120.7	0.862	0.634	15.1	85.3	5000.0	1107.0	0.690	0.138	4.45	6.41	1.93
M4120He	0.129	0.0706	1508.8	0.977	0.802	104.2	353.2	5000.0	1499.0	0.651	0.0226	5.87	8.46	2.55
M4120Hf	0.204	0.031	1251.3	0.945	0.708	37.6	154.9	5000.0	1240.0	0.670	0.0546	5.04	7.28	2.19
N4121Hb	0.105	0.0689	1509.2	0.980	0.799	108.7	344.7	5000.0	1499.0	0.665	0.02	5.84	8.43	2.54
N4121Hc	0.094	0.0509	1275.5	0.979	0.775	91.5	254.5	5000.0	1266.0	0.645	0.0205	5.54	7.99	2.41
N4121He	0.111	0.0695	1516.1	0.979	0.800	103.2	347.6	5000.0	1507.0	0.638	0.0215	5.85	8.44	2.54
N4126Hc	0.0872	0.0969	1642.7	0.988	0.836	180.6	484.6	5000.0	1634.0	0.653	0.0121	6.18	8.92	2.69
N4126He	0.116	0.0789	1563.4	0.981	0.813	122.9	394.7	5000.0	1556.0	0.635	0.0188	5.98	8.62	2.60
N4126Hf	0.170	0.0372	1391.5	0.952	0.723	43.7	185.8	5000.0	1381.0	0.690	0.0476	5.22	7.54	2.27
N4127Ha	0.141	0.0427	1329.3	0.967	0.746	60.7	213.5	5000.0	1320.0	0.658	0.033	5.36	7.74	2.33
N4127Hb	0.0844	0.0744	1573.9	0.984	0.805	125.9	371.8	5000.0	1565.0	0.664	0.0162	5.92	8.54	2.57
N4127Hc	0.135	0.0504	1328.1	0.973	0.770	78.3	251.9	5000.0	1319.0	0.655	0.0267	5.53	7.98	2.40
N4130Hc	0.0626	0.0825	1445.8	0.989	0.828	172.0	412.6	5000.0	1437.0	0.634	0.0112	6.02	8.69	2.62
N4130Hd	0.085	0.0812	1539.7	0.986	0.819	150.8	405.8	5000.0	1530.0	0.658	0.0137	6.01	8.66	2.61
N4130He	0.1	0.0501	1283.8	0.977	0.772	85.3	250.3	5000.0	1275.0	0.649	0.0228	5.52	7.97	2.40
P4135Hb	0.163	0.0274	1083.6	0.956	0.705	42.2	136.9	5000.0	1071.0	0.675	0.0445	4.92	7.10	2.14
P4135Hc	0.0756	0.0492	1216.1	0.980	0.776	93.2	246.0	5000.0	1207.0	0.635	0.0196	5.51	7.94	2.39
P4135He	0.094	0.0284	968.5	0.973	0.722	59.1	142.1	5000.0	956.0	0.657	0.0267	4.96	7.15	2.15
Q4141Ha	0.184	0.0534	1454.6	0.961	0.768	63.4	267.2	5000.0	1448.0	0.643	0.0387	5.59	8.06	2.43
S4168Ha	0.136	0.0486	1382.5	0.972	0.760	72.5	243.0	5000.0	1374.0	0.661	0.0282	5.49	7.92	2.39
S4168Hd	0.142	0.0494	1322.6	0.971	0.767	72.6	246.9	5000.0	1315.0	0.634	0.0294	5.51	7.95	2.39
S4168Hf	0.0786	0.0767	1557.9	0.985	0.810	134.2	383.7	5000.0	1549.0	0.655	0.0149	5.95	8.58	2.58
W4194Hb	0.206	0.0386	1437.3	0.943	0.724	39.2	193.1	5000.0	1430.0	0.660	0.0567	5.26	7.59	2.29
W4194Hc	0.324	0.0234	1378.8	0.888	0.660	18.9	117.0	5000.0	1368.0	0.695	0.112	4.76	6.87	2.07
W4194Hf	0.126	0.0574	1514.6	0.973	0.774	78.9	287.2	5000.0	1505.0	0.672	0.0275	5.66	8.17	2.46
W4200Ha	0.0852	0.0371	1101.7	0.976	0.746	72.1	185.3	5000.0	1093.0	0.645	0.0235	5.22	7.53	2.27
W4200Hc	0.081	0.0518	1248.9	0.983	0.780	104.8	259.2	5000.0	1239.0	0.646	0.0166	5.56	8.02	2.41
W4200Hf	0.0684	0.061	1260.4	0.987	0.802	134.0	305.1	5000.0	1250.0	0.644	0.013	5.72	8.25	2.48
X4203Hd	0.0762	0.0557	1277.9	0.982	0.788	105.1	278.3	5000.0	1269.0	0.635	0.0176	5.63	8.12	2.44
X4203He	0.074	0.0768	1587.5	0.984	0.808	126.6	384.0	5000.0	1580.0	0.651	0.0163	5.95	8.59	2.58
X4203Hf	0.0816	0.0512	1261.8	0.982	0.778	98.5	256.2	5000.0	1244.0	0.671	0.0183	5.55	8.00	2.41
X4205Hb	0.153	0.0239	924.3	0.961	0.702	44.0	119.5	5000.0	913.0	0.666	0.0395	4.78	6.90	2.08
X4205He	0.143	0.0259	981.5	0.962	0.708	46.6	129.5	5000.0	964.0	0.668	0.0375	4.86	7.02	2.11
X4205Hf	0.256	0.0106	809.9	0.903	0.594	16.6	53.1	5000.0	800.0	0.657	0.0967	3.97	5.73	1.72
Y4215Ha	0.172	0.04	1269.8	0.961	0.742	54.8	199.8	5000.0	1258.0	0.664	0.039	5.30	7.64	2.30
Y4215Hb	0.135	0.0382	1151.9	0.970	0.746	63.4	191.0	5000.0	1142.0	0.655	0.0304	5.25	7.58	2.28
Y4215Hf	0.0916	0.0548	1245.6	0.983	0.788	109.3	274.2	5000.0	1237.0	0.639	0.0169	5.61	8.10	2.44
D4040Hb	0.134	0.0325	1056.4	0.967	0.732	56.1	162.4	5000.0	1045.0	0.647	0.033	5.09	7.34	2.21
D4040Hc	0.234	0.0177	925.4	0.929	0.658	25.9	88.7	5000.0	908.0	0.689	0.0715	4.48	6.47	1.95
D4040He	0.266	0.025	1170.8	0.922	0.685	27.6	125.2	5000.0	1160.0	0.680	0.0779	4.83	6.97	2.10
F4057Hc	0.113	0.0645	1403.6	0.981	0.798	113.9	322.7	5000.0	1394.0	0.665	0.0186	5.78	8.33	2.51
F4057Hd	0.109	0.0455	1192.3	0.979	0.767	87.3	227.3	5000.0	1182.0	0.660	0.021	5.43	7.83	2.36
F4057Hf	0.131	0.066	1374.6	0.978	0.803	108.3	330.2	5000.0	1366.0	0.635	0.0215	5.80	8.37	2.52
J4087Hc	0.291	0.0204	1145.3	0.905	0.658	21.4	101.9	5000.0	1132.0	0.684	0.0951	4.62	6.67	2.01
J4087Hd	0.168	0.0367	1214.6	0.962	0.735	54.0	183.5	5000.0	1205.0	0.658	0.0378	5.21	7.52	2.26
J4087He	0.210	0.0201	1050.1	0.928	0.663	25.9	100.3	5000.0	1040.0	0.670	0.0721	4.61	6.65	2.00
Q4142Hc	0.142	0.0335	1183.8	0.965	0.725	52.7	167.6	5000.0	1171.0	0.683	0.0355	5.12	7.39	2.22
Q4142Hd	0.0974	0.0324	1143.2	0.969	0.724	55.6	162.2	5000.0	1133.0	0.653	0.031	5.09	7.34	2.21
Q4142He	0.129	0.05	1323.4	0.975	0.769	81.9	250.0	5000.0	1315.0	0.660	0.025	5.52	7.97	2.40
Q4143Ha	0.115	0.0383	1137.2	0.974	0.748	69.8	191.6	5000.0	1125.0	0.663	0.026	5.26	7.58	2.28
Q4143Hb	0.249	0.0224	1101.7	0.926	0.675	27.2	112.0	5000.0	1088.0	0.678	0.0739	4.72	6.81	2.05
Q4143Hc	0.244	0.0298	1185.1	0.935	0.708	34.2	149.1	5000.0	1175.0	0.661	0.0652	5.00	7.22	2.17
Q4144Hb	0.150	0.0486	1270.0	0.970	0.770	73.4	243.2	5000.0	1260.0	0.636	0.0297	5.49	7.93	2.39
Q4144Hc	0.150	0.0258	1086.2	0.952	0.696	38.0	128.8	5000.0	1072.0	0.679	0.0484	4.86	7.01	2.11
Q4144He	0.169	0.0287	1125.4	0.956	0.708	43.0	143.7	5000.0	1116.0	0.653	0.0437	4.97	7.17	2.16
Q4146Ha	0.107	0.0403	1199.3	0.971	0.749	65.6	201.6	5000.0	1190.0	0.647	0.0287	5.31	7.66	2.30
Q4146Hd	0.0834	0.0487	1243.8	0.981	0.772	93.0	243.6	5000.0	1233.0	0.670	0.0195	5.50	7.93	2.39
Q4146Hf	0.119	0.0281	1062.8	0.963	0.711	47.9	140.6	5000.0	1049.0	0.681	0.0371	4.95	7.13	2.15
R4154Hc	0.153	0.0231	1015.2	0.955	0.687	38.7	115.3	5000.0	1002.0	0.692	0.0446	4.75	6.85	2.06
R4154He	0.236	0.0264	1135.3	0.936	0.695	32.8	132.0	5000.0	1123.0	0.674	0.0639	4.88	7.04	2.12
R4154Hf	0.110	0.0469	1322.8	0.972	0.760	71.2	234.4	5000.0	1311.0	0.669	0.0285	5.46	7.87	2.37
B4017Ha	0.0542	0.112	1709.0	0.991	0.851	229.7	560.5	5000.0	1701.0	0.636	0.00872	6.33	9.13	2.75
B4017Hh	0.0554	0.0961	1399.4	0.992	0.853	236.0	480.5	5000.0	1393.0	0.585	0.00764	6.17	8.91	2.68
B4017Hd	0.0464	0.107	1616.3	0.993	0.851	250.9	535.3	5000.0	1607.0	0.645	0.00712	6.28	9.06	2.73
E4041He	0.0472	0.0804	1397.6	0.990	0.829	179.3	402.1	5000.0	1390.0	0.618	0.00992	6.00	8.65	2.60
E4041Hf	0.07	0.0821	1352.9	0.990	0.835	185.2	410.3	5000.0	1345.0	0.601	0.0101	6.02	8.68	2.61
E4041Hg	0.0712	0.0752	1329.4	0.990	0.825	175.3	376.0	5000.0	1319.0	0.639	0.0102	5.93	8.55	2.58
E4047Hb	0.0922	0.0531	1297.1	0.978	0.780	90.6	265.7	5000.0	1288.0	0.640	0.0215	5.58	8.05	2.42
E4047Hc	0.104	0.0607	1272.6	0.983	0.800	115.6	303.7	5000.0	1264.0	0.623	0.0174	5.72	8.25	2.48
E4047Hd	0.0792	0.0935	1599.9	0.989	0.834	183.4	467.6	5000.0	1590.0	0.652	0.0112	6.15	8.87	2.67
E4048Ha	0.0722	0.0457	1109.5	0.983	0.775	96.2	228.3	5000.0	1102.0	0.614	0.0174	5.43	7.83	2.36
E4048Hc	0.106	0.0555	1268.1	0.981	0.788	101.4	277.3	5000.0	1261.0	0.620	0.0194	5.63	8.12	2.44
E4048Hd	0.0974	0.0548	1123.3	0.984	0.800	115.0	273.9	5000.0	1113.0	0.596	0.0165	5.61	8.10	2.44
E4050Ha	0.0486	0.0914	1453.4	0.992	0.842	215.2	457.1	5000.0	1444.0	0.634	0.00829	6.12	8.84	2.66
E4050Hb	0.0798	0.0755	1407.5	0.987	0.819	149.6	377.6	5000.0	1397.0	0.637	0.0132	5.93	8.56	2.58
E4050Hf	0.167	0.0406	1156.3	0.965	0.755	62.0	202.8	5000.0	1142.0	0.647	0.0348	5.31	7.66	2.31
S4165Hb	0.120	0.0351	1039.0	0.973	0.745	66.4	175.4	5000.0	1028.0	0.638	0.0269	5.17	7.45	2.24
S4165Hc	0.117	0.0261	870.4	0.971	0.722	55.1	130.3	5000.0	853.0	0.642	0.0295	4.87	7.03	2.12
S4165He	0.101	0.0618	1367.6	0.983	0.795	113.3	309.1	5000.0	1359.0	0.646	0.0175	5.73	8.27	2.49
S4167Hc	0.141	0.0422	1304.2	0.967	0.747	61.9	210.8	5000.0	1295.0	0.667	0.0327	5.35	7.72	2.32
S4167Hd	0.0876	0.0522	1278.2	0.980	0.779	95.7	261.0	5000.0	1269.0	0.646	0.0195	5.56	8.03	2.42
S4167He	0.075	0.0446	1115.0	0.980	0.771	88.9	222.8	5000.0	1105.0	0.624	0.0197	5.41	7.80	2.35
B4017La	0.105	0.0481	1188.3	0.978	0.775	87.4	240.6	5000.0	1180.0	0.615	0.0217	5.48	7.91	2.38
B4017Lb	0.103	0.0282	992.3	0.970	0.718	54.9	141.0	5000.0	982.0	0.652	0.0297	4.95	7.14	2.15
B4017Le	0.0964	0.033	1040.1	0.974	0.736	64.6	164.8	5000.0	1028.0	0.655	0.026	5.10	7.36	2.22
E4041La	0.037	0.153	1764.1	0.996	0.888	414.5	762.6	5000.0	1756.0	0.623	0.00428	6.64	9.57	2.88
E4041Ld	0.0728	0.0689	1247.9	0.988	0.820	153.1	344.5	5000.0	1239.0	0.598	0.0119	5.84	8.43	2.54
E4041Lf	0.0452	0.0964	1452.2	0.993	0.849	234.9	481.8	5000.0	1442.0	0.622	0.00749	6.18	8.91	2.68
E4047La	0.048	0.0847	1454.2	0.990	0.831	182.2	423.4	5000.0	1445.0	0.629	0.0101	6.05	8.73	2.63
E4047Lb	0.09	0.0834	1537.4	0.985	0.823	148.6	417.2	5000.0	1527.0	0.655	0.0147	6.03	8.70	2.62
E4047Lf	0.0832	0.0658	1319.3	0.984	0.807	126.1	328.8	5000.0	1311.0	0.619	0.0156	5.80	8.36	2.52
E4048Lb	0.161	0.0327	1182.4	0.959	0.721	46.8	163.7	5000.0	1172.0	0.650	0.0414	5.10	7.36	2.21
E4048Ld	0.0898	0.0625	1240.4	0.985	0.807	128.2	312.4	5000.0	1231.0	0.620	0.015	5.74	8.29	2.49
E4048Le	0.127	0.042	1206.3	0.972	0.754	69.3	210.2	5000.0	1198.0	0.629	0.0279	5.35	7.72	2.32
E4050Lb	0.0956	0.0444	1121.4	0.979	0.770	86.0	222.1	5000.0	1112.0	0.620	0.0209	5.40	7.79	2.35
E4050Lc	0.107	0.0588	1294.9	0.981	0.794	104.6	294.0	5000.0	1287.0	0.616	0.0194	5.68	8.20	2.47
E4050Le	0.054	0.078	1420.7	0.989	0.822	164.0	389.8	5000.0	1413.0	0.619	0.0111	5.97	8.61	2.59
F4054La	0.176	0.0283	1062.5	0.949	0.711	39.2	141.3	5000.0	1054.0	0.623	0.0506	4.95	7.14	2.15
F4054Ld	0.175	0.022	982.9	0.942	0.684	32.1	110.2	5000.0	969.0	0.653	0.0575	4.70	6.78	2.04
F4054Lf	0.139	0.0225	997.5	0.952	0.685	36.3	112.7	5000.0	987.0	0.659	0.0483	4.73	6.82	2.05
F4055Lb	0.136	0.0359	1071.9	0.968	0.745	60.1	179.3	5000.0	1063.0	0.622	0.032	5.19	7.49	2.25
F4055Le	0.0814	0.0661	1226.5	0.986	0.816	140.3	330.4	5000.0	1218.0	0.596	0.0135	5.80	8.37	2.52
F4055Lf	0.141	0.0334	1024.6	0.967	0.739	57.5	167.2	5000.0	1017.0	0.610	0.0328	5.12	7.39	2.22
F4060Lb	0.137	0.0425	1287.6	0.966	0.749	60.5	212.5	5000.0	1279.0	0.638	0.0336	5.36	7.73	2.33
F4060Lc	0.0994	0.048	1324.9	0.974	0.763	74.5	239.9	5000.0	1317.0	0.643	0.0261	5.48	7.91	2.38
F4060Ld	0.106	0.0553	1262.8	0.980	0.788	99.7	276.5	5000.0	1253.0	0.630	0.02	5.62	8.11	2.44
H4074Lc	0.0564	0.0889	1478.1	0.990	0.836	190.4	444.6	5000.0	1470.0	0.625	0.01	6.10	8.80	2.65
H4074Le	0.116	0.0452	1279.9	0.974	0.759	74.2	226.1	5000.0	1270.0	0.658	0.0259	5.42	7.82	2.35
H4074Lf	0.0998	0.0531	1273.5	0.979	0.781	94.0	265.5	5000.0	1266.0	0.631	0.021	5.58	8.05	2.42
H4071La	0.261	0.0169	939.9	0.920	0.650	23.6	84.7	5000.0	926.0	0.677	0.0804	4.44	6.40	1.93
H4071Lb	0.194	0.00822	607.4	0.917	0.582	17.2	41.1	5000.0	591.0	0.657	0.0828	3.72	5.36	1.61
H4071Lc	0.153	0.0237	979.8	0.953	0.695	38.4	118.3	5000.0	965.0	0.665	0.0472	4.77	6.89	2.07
J4083La	0.190	0.0169	817.0	0.936	0.663	27.2	84.4	5000.0	806.0	0.634	0.0644	4.44	6.40	1.93
J4083Ld	0.175	0.014	746.2	0.936	0.643	25.4	70.1	5000.0	739.0	0.624	0.0635	4.25	6.13	1.85
J4083Lf	0.122	0.0227	943.8	0.959	0.692	40.8	113.3	5000.0	932.0	0.667	0.0411	4.73	6.82	2.05
J4088Lb	0.0886	0.0309	942.0	0.976	0.737	66.9	154.3	5000.0	932.0	0.637	0.0238	5.04	7.27	2.19
J4088Lc	0.140	0.0442	1228.0	0.970	0.760	69.2	221.0	5000.0	1220.0	0.625	0.0295	5.40	7.79	2.34
J4088Le	0.100	0.0251	1015.6	0.962	0.699	43.7	125.7	5000.0	1004.0	0.662	0.0383	4.83	6.97	2.10
J4089La	0.197	0.0149	856.7	0.924	0.640	22.8	74.3	5000.0	841.0	0.685	0.0761	4.31	6.22	1.87
J4089Lb	0.197	0.0175	885.0	0.932	0.661	26.0	87.7	5000.0	870.0	0.635	0.0679	4.47	6.45	1.94
J4089Le	0.156	0.0216	910.1	0.947	0.689	34.4	108.2	5000.0	898.0	0.640	0.0528	4.68	6.76	2.03
J4090La	0.221	0.0105	767.9	0.921	0.597	19.4	52.4	5000.0	759.0	0.688	0.0791	3.96	5.71	1.72
J4090Ld	0.176	0.0145	782.7	0.942	0.644	27.3	72.3	5000.0	769.0	0.673	0.0577	4.28	6.17	1.86
J4090Le	0.174	0.013	746.9	0.940	0.633	25.7	64.8	5000.0	730.0	0.684	0.0598	4.17	6.02	1.81
K4091Lb	0.363	0.00752	687.6	0.852	0.557	11.3	37.6	5000.0	675.0	0.682	0.148	3.63	5.23	1.58
K4091Ld	0.188	0.0122	649.3	0.933	0.637	23.7	60.9	5000.0	634.0	0.646	0.0673	4.11	5.93	1.78
K4091Lf	0.196	0.0166	764.6	0.942	0.668	30.0	83.1	5000.0	749.0	0.656	0.058	4.42	6.38	1.92
N4123Lb	0.280	0.0102	739.0	0.896	0.597	16.2	50.9	5000.0	725.0	0.678	0.104	3.93	5.67	1.71
N4123Ld	0.237	0.0132	847.2	0.917	0.623	20.4	66.0	5000.0	835.0	0.684	0.0833	4.19	6.04	1.82
N4123Le	0.182	0.012	767.4	0.924	0.618	20.9	59.9	5000.0	751.0	0.677	0.076	4.09	5.90	1.78
P4139Lc	0.124	0.0235	1075.3	0.953	0.684	36.6	117.6	5000.0	1064.0	0.683	0.0471	4.77	6.88	2.07
P4139Ld	0.221	0.0272	1117.5	0.941	0.701	34.7	136.1	5000.0	1108.0	0.646	0.0592	4.91	7.09	2.13
P4139Le	0.226	0.0138	922.1	0.917	0.622	20.2	69.0	5000.0	907.0	0.683	0.0828	4.23	6.11	1.84
P4140Lb	0.119	0.0546	1266.8	0.978	0.786	94.6	272.8	5000.0	1255.0	0.637	0.0217	5.61	8.09	2.44
P4140Ld	0.123	0.0491	1321.4	0.972	0.767	74.4	245.6	5000.0	1313.0	0.638	0.0275	5.50	7.94	2.39
P4140Le	0.109	0.0519	1215.2	0.977	0.783	90.1	259.3	5000.0	1205.0	0.620	0.0226	5.56	8.02	2.41
Q4145La	0.253	0.0191	1029.6	0.918	0.658	23.3	95.4	5000.0	1018.0	0.660	0.0817	4.56	6.58	1.98
Q4145Lc	0.136	0.0333	1154.7	0.964	0.727	52.1	166.6	5000.0	1143.0	0.656	0.0362	5.12	7.38	2.22
Q4145Lf	0.194	0.0272	1143.5	0.943	0.699	34.9	136.2	5000.0	1135.0	0.655	0.0566	4.91	7.09	2.13
Q4147Lb	0.152	0.0173	859.3	0.945	0.662	29.7	86.6	5000.0	847.0	0.656	0.0555	4.46	6.44	1.94
Q4147Le	0.153	0.0276	1007.0	0.960	0.714	46.0	138.1	5000.0	995.0	0.655	0.0402	4.93	7.11	2.14
Q4147Lf	0.173	0.013	746.7	0.930	0.632	22.9	64.9	5000.0	734.0	0.650	0.07	4.17	6.02	1.81
Q4148La	0.172	0.0197	1038.2	0.936	0.662	27.7	98.5	5000.0	1027.0	0.681	0.0637	4.59	6.62	1.99
Q4148Le	0.122	0.0424	1216.0	0.972	0.755	69.1	211.8	5000.0	1206.0	0.647	0.028	5.36	7.73	2.33
Q4148Lf	0.185	0.0197	981.5	0.937	0.668	28.4	98.7	5000.0	969.0	0.660	0.0631	4.59	6.63	1.99
Q4149Lb	0.197	0.0136	816.2	0.927	0.631	22.6	68.2	5000.0	803.0	0.670	0.0733	4.22	6.09	1.83
Q4149Ld	0.206	0.015	877.3	0.926	0.638	22.9	74.8	5000.0	867.0	0.658	0.0739	4.31	6.22	1.87
Q4149Le	0.219	0.0225	980.1	0.938	0.687	31.7	112.6	5000.0	968.0	0.655	0.0615	4.72	6.81	2.05
G4061La	0.171	0.0531	1329.8	0.966	0.777	69.8	265.3	5000.0	1322.0	0.612	0.0344	5.58	8.05	2.42
G4061Lb	0.155	0.0422	1315.9	0.965	0.746	59.1	211.0	5000.0	1308.0	0.650	0.0349	5.35	7.72	2.32
T4177La	0.313	0.0061	673.8	0.867	0.529	11.2	30.5	5000.0	644.0	0.753	0.133	3.42	4.93	1.48
T4177Le	0.364	0.00847	772.6	0.852	0.565	11.6	42.3	5000.0	755.0	0.690	0.148	3.75	5.40	1.63
T4177Lf	0.250	0.00511	507.0	0.879	0.522	11.4	25.5	5000.0	497.0	0.665	0.121	3.24	4.67	1.41
T4179Lb	0.170	0.0182	699.3	0.948	0.690	33.4	90.9	5000.0	691.0	0.559	0.0517	4.51	6.51	1.96
T4179Ld	0.234	0.0242	974.0	0.935	0.698	31.8	120.8	5000.0	965.0	0.607	0.0647	4.79	6.92	2.08
T4179Le	0.277	0.00982	782.6	0.880	0.586	13.8	49.1	5000.0	771.0	0.654	0.120	3.89	5.62	1.69
W4195Lb	0.091	0.0359	1119.8	0.976	0.740	70.0	179.5	5000.0	1110.0	0.664	0.0239	5.19	7.49	2.25
W4195Le	0.0814	0.0325	1136.1	0.972	0.724	59.0	162.3	5000.0	1124.0	0.669	0.0281	5.09	7.34	2.21
W4195Lf	0.107	0.0384	1116.0	0.976	0.750	72.4	192.1	5000.0	1104.0	0.652	0.0245	5.26	7.59	2.28
W4196La	0.164	0.0184	859.2	0.944	0.671	30.9	92.0	5000.0	848.0	0.651	0.0557	4.52	6.52	1.96
W4196Ld	0.207	0.0151	891.3	0.924	0.637	22.6	75.4	5000.0	881.0	0.659	0.0759	4.32	6.24	1.88
W4196Lf	0.198	0.0125	823.7	0.918	0.618	19.9	62.3	5000.0	806.0	0.686	0.0818	4.13	5.96	1.79
W4197La	0.261	0.00889	739.1	0.889	0.576	14.2	44.4	5000.0	726.0	0.662	0.111	3.79	5.47	1.65
W4197Ld	0.332	0.00821	745.2	0.863	0.563	11.9	41.0	5000.0	734.0	0.649	0.137	3.71	5.36	1.61
W4197Le	0.310	0.00886	722.2	0.875	0.578	13.2	44.3	5000.0	709.0	0.652	0.125	3.79	5.47	1.65
X4204La	0.215	0.0141	918.1	0.922	0.625	21.3	70.5	5000.0	906.0	0.677	0.0779	4.26	6.14	1.85
X4204Ld	0.154	0.0169	909.7	0.941	0.652	27.7	84.3	5000.0	901.0	0.646	0.0586	4.43	6.40	1.93
X4204Lf	0.161	0.0297	1110.6	0.960	0.714	47.0	148.7	5000.0	1100.0	0.670	0.04	5.00	7.22	2.17
Y4211La	0.169	0.0189	860.5	0.943	0.674	31.0	94.4	5000.0	848.0	0.641	0.0566	4.55	6.56	1.97
Y4211Lc	0.135	0.0178	679.1	0.954	0.690	35.7	88.8	5000.0	670.0	0.571	0.0456	4.49	6.47	1.95
Y4211Le	0.175	0.0202	815.1	0.948	0.690	34.8	101.1	5000.0	803.0	0.624	0.0517	4.62	6.66	2.00
A4002Lb	0.190	0.0267	1035.1	0.951	0.706	39.3	133.5	5000.0	1027.0	0.636	0.0494	4.89	7.06	2.13
A4002Le	0.266	0.0195	1064.9	0.915	0.658	23.0	97.6	5000.0	1054.0	0.676	0.0854	4.58	6.61	1.99
A4002Lf	0.183	0.0359	1251.7	0.952	0.728	44.8	179.3	5000.0	1242.0	0.659	0.0477	5.19	7.49	2.25
A4010Lb	0.131	0.0454	1248.4	0.967	0.762	65.3	227.1	5000.0	1239.0	0.633	0.0327	5.43	7.83	2.36
A4010Ld	0.165	0.0418	1182.4	0.965	0.756	61.8	209.1	5000.0	1175.0	0.621	0.035	5.34	7.71	2.32
A4010Le	0.117	0.069	1440.4	0.979	0.804	108.8	345.2	5000.0	1432.0	0.631	0.0207	5.84	8.43	2.54
B4020La	0.219	0.0197	977.6	0.932	0.668	27.5	98.5	5000.0	964.0	0.669	0.0679	4.59	6.62	1.99
B4020Ld	0.197	0.0111	781.4	0.919	0.604	19.1	55.4	5000.0	772.0	0.655	0.0811	4.01	5.79	1.74
B4020Lf	0.198	0.00647	607.0	0.899	0.545	13.6	32.3	5000.0	591.0	0.688	0.101	3.48	5.02	1.51
C4021Lc	0.169	0.0222	827.2	0.956	0.703	40.9	111.2	5000.0	817.0	0.631	0.0437	4.71	6.80	2.05
C4021Le	0.189	0.0272	962.1	0.953	0.716	41.9	135.9	5000.0	952.0	0.614	0.0471	4.91	7.09	2.13
C4021Lf	0.189	0.0239	917.1	0.952	0.702	38.9	119.6	5000.0	909.0	0.616	0.0483	4.78	6.90	2.08
C4022Lb	0.153	0.0292	1011.9	0.960	0.721	47.6	145.9	5000.0	1001.0	0.629	0.0398	4.98	7.19	2.16
C4022Ld	0.147	0.0199	894.6	0.950	0.677	33.8	99.3	5000.0	887.0	0.630	0.0495	4.60	6.63	2.00
C4022Le	0.175	0.0298	1045.0	0.960	0.721	48.7	149.0	5000.0	1028.0	0.686	0.0404	5.00	7.22	2.17
C4027Lb	0.187	0.0144	805.9	0.933	0.640	24.3	71.8	5000.0	794.0	0.655	0.0674	4.27	6.17	1.86
C4027Ld	0.173	0.0117	764.1	0.925	0.615	20.6	58.6	5000.0	751.0	0.653	0.0749	4.07	5.87	1.77
C4027Le	0.201	0.0118	776.4	0.917	0.615	19.5	59.2	5000.0	763.0	0.664	0.0826	4.08	5.89	1.77
E4044Lb	0.136	0.0336	1107.0	0.965	0.732	53.9	168.0	5000.0	1097.0	0.644	0.0352	5.12	7.39	2.23
E4044Ld	0.174	0.0287	1125.8	0.952	0.708	40.5	143.5	5000.0	1115.0	0.659	0.0478	4.97	7.17	2.16
E4044Lf	0.132	0.0429	1227.2	0.972	0.756	70.2	214.4	5000.0	1214.0	0.667	0.0283	5.37	7.74	2.33
G4065La	0.221	0.0247	1103.8	0.937	0.688	31.6	123.4	5000.0	1092.0	0.663	0.063	4.82	6.95	2.09
G4065Lb	0.216	0.0131	840.4	0.917	0.623	20.2	65.6	5000.0	827.0	0.675	0.0831	4.18	6.04	1.82
G4065Lc	0.117	0.0198	912.7	0.954	0.675	35.0	99.0	5000.0	902.0	0.656	0.0463	4.59	6.63	2.00
H4079Lc	0.154	0.0245	1153.1	0.942	0.683	31.9	122.3	5000.0	1143.0	0.667	0.0577	4.81	6.93	2.09
H4079Le	0.164	0.0356	1260.6	0.956	0.727	46.7	178.2	5000.0	1251.0	0.662	0.0439	5.18	7.48	2.25
H4079Lf	0.143	0.0433	1284.6	0.967	0.752	61.9	216.7	5000.0	1275.0	0.647	0.0333	5.38	7.76	2.34
L4101Lc	0.235	0.0112	784.0	0.914	0.606	18.9	56.2	5000.0	768.0	0.698	0.0857	4.03	5.81	1.75
L4101Ld	0.139	0.0178	888.4	0.947	0.663	31.3	88.8	5000.0	867.0	0.700	0.0526	4.49	6.47	1.95
L4101Lf	0.150	0.0196	857.7	0.952	0.680	35.4	97.9	5000.0	843.0	0.662	0.0477	4.58	6.61	1.99
L4103La	0.193	0.0104	825.4	0.914	0.591	17.8	52.1	5000.0	805.0	0.721	0.0861	3.95	5.70	1.72
L4103Lb	0.190	0.00553	523.9	0.891	0.532	12.3	27.6	5000.0	514.0	0.647	0.109	3.32	4.79	1.44
L4103Ld	0.207	0.00873	718.3	0.903	0.576	15.6	43.7	5000.0	707.0	0.691	0.0967	3.78	5.45	1.64
L4108Lb	0.344	0.00962	788.7	0.867	0.583	13.2	48.1	5000.0	772.0	0.680	0.133	3.87	5.59	1.68
L4108Lc	0.273	0.0116	711.6	0.910	0.620	19.2	57.9	5000.0	698.0	0.664	0.0904	4.06	5.86	1.76
L4108Lf	0.213	0.0141	756.6	0.932	0.644	24.9	70.4	5000.0	740.0	0.668	0.0676	4.25	6.14	1.85
L4110Lb	0.108	0.0395	1201.2	0.972	0.746	65.6	197.4	5000.0	1190.0	0.658	0.0284	5.29	7.63	2.30
L4110Lc	0.0956	0.0674	1452.1	0.982	0.800	113.2	336.9	5000.0	1445.0	0.633	0.0182	5.82	8.40	2.53
L4110Lf	0.0658	0.0722	1381.9	0.988	0.815	153.1	360.9	5000.0	1372.0	0.639	0.0118	5.89	8.50	2.56
X4210Lc	0.147	0.0285	1034.8	0.960	0.715	45.8	142.4	5000.0	1026.0	0.636	0.0399	4.96	7.15	2.15
X4210Ld	0.144	0.0253	1134.7	0.954	0.689	38.0	126.7	5000.0	1125.0	0.676	0.0464	4.84	6.99	2.10
X4210Lf	0.184	0.0244	1164.0	0.938	0.681	30.4	121.8	5000.0	1153.0	0.667	0.0618	4.80	6.93	2.09
Y4216Lb	0.141	0.0416	1212.1	0.969	0.753	65.6	208.0	5000.0	1201.0	0.658	0.031	5.34	7.70	2.32
Y4216Ld	0.234	0.0145	858.2	0.921	0.635	22.2	72.4	5000.0	846.0	0.682	0.0791	4.28	6.18	1.86
Y4216Le	0.150	0.0279	1057.0	0.958	0.710	43.9	139.4	5000.0	1043.0	0.659	0.042	4.94	7.12	2.14
F4054Ha	0.143	0.0441	1241.8	0.971	0.758	70.2	220.4	5000.0	1233.0	0.647	0.0291	5.40	7.78	2.34
F4054Hc	0.0632	0.064	1249.5	0.987	0.810	136.0	320.2	5000.0	1242.0	0.603	0.0133	5.77	8.32	2.51
F4054Hd	0.0804	0.0473	1128.3	0.981	0.779	94.6	236.7	5000.0	1119.0	0.621	0.0191	5.47	7.89	2.37
F4055Hb	0.0886	0.0337	1012.5	0.975	0.742	66.8	168.5	5000.0	1003.0	0.625	0.0251	5.13	7.40	2.23
F4055Hc	0.0868	0.0553	1249.0	0.983	0.789	108.7	276.4	5000.0	1241.0	0.620	0.0168	5.62	8.11	2.44
F4055Hf	0.0528	0.0929	1478.1	0.991	0.842	207.0	464.3	5000.0	1471.0	0.607	0.00898	6.14	8.86	2.67
F4060Hc	0.0704	0.0682	1369.8	0.987	0.808	139.7	341.0	5000.0	1360.0	0.647	0.0132	5.83	8.41	2.53
F4060Hd	0.098	0.0527	1253.8	0.978	0.782	91.0	263.3	5000.0	1245.0	0.624	0.0217	5.57	8.04	2.42
F4060He	0.120	0.0665	1395.7	0.981	0.803	113.9	332.6	5000.0	1387.0	0.645	0.0194	5.81	8.38	2.52
H4074Ha	0.07	0.0771	1470.6	0.987	0.817	148.9	385.7	5000.0	1461.0	0.645	0.013	5.95	8.59	2.59
H4074He	0.0364	0.0825	1353.9	0.992	0.836	201.9	412.3	5000.0	1347.0	0.599	0.00816	6.02	8.69	2.62
H4074Hf	0.0498	0.0872	1434.6	0.991	0.837	195.0	436.2	5000.0	1425.0	0.620	0.00935	6.08	8.77	2.64
H4071Ha	0.265	0.0109	893.0	0.902	0.590	16.6	54.6	5000.0	877.0	0.721	0.0984	4.00	5.77	1.74
H4071Hb	0.152	0.0278	1092.5	0.954	0.707	41.0	139.2	5000.0	1080.0	0.665	0.0459	4.94	7.12	2.14
H4071Hc	0.185	0.0178	956.1	0.937	0.655	27.3	89.0	5000.0	944.0	0.677	0.0633	4.49	6.48	1.95
J4083Hb	0.176	0.0231	988.2	0.949	0.690	35.9	115.5	5000.0	979.0	0.656	0.0512	4.75	6.85	2.06
J4083Hc	0.0914	0.0491	1108.8	0.982	0.786	101.1	245.6	5000.0	1098.0	0.616	0.0182	5.50	7.94	2.39
J4083Hd	0.137	0.023	884.4	0.960	0.701	42.4	114.9	5000.0	872.0	0.638	0.0403	4.74	6.84	2.06
B4012Lb	0.217	0.0104	793.7	0.910	0.593	17.3	52.0	5000.0	782.0	0.678	0.0901	3.95	5.70	1.72
B4012Ld	0.206	0.00799	655.0	0.906	0.570	15.4	39.9	5000.0	642.0	0.683	0.0939	3.69	5.32	1.60
B4012Le	0.169	0.0167	893.4	0.940	0.653	28.0	83.6	5000.0	881.0	0.684	0.0596	4.43	6.39	1.92
B4014La	0.177	0.0583	1558.5	0.964	0.773	68.5	291.7	5000.0	1546.0	0.681	0.0361	5.68	8.19	2.46
B4014Lb	0.152	0.0372	1255.0	0.965	0.734	56.4	186.2	5000.0	1242.0	0.690	0.035	5.23	7.54	2.27
B4014Lc	0.189	0.0156	905.0	0.926	0.642	23.3	78.0	5000.0	890.0	0.663	0.0737	4.36	6.29	1.89
B4018Lb	0.105	0.0468	1322.1	0.975	0.760	75.8	234.1	5000.0	1312.0	0.660	0.025	5.46	7.87	2.37
B4018Lc	0.0758	0.0877	1614.1	0.986	0.824	151.4	438.3	5000.0	1606.0	0.648	0.0142	6.08	8.78	2.64
B4018Ld	0.0898	0.0389	1151.5	0.975	0.748	69.6	194.3	5000.0	1144.0	0.631	0.0253	5.27	7.60	2.29
B4019Lb	0.0998	0.0359	1223.9	0.966	0.731	54.4	179.3	5000.0	1213.0	0.664	0.0341	5.19	7.49	2.25
B4019Lc	0.117	0.0539	1402.6	0.977	0.773	88.1	269.6	5000.0	1389.0	0.691	0.0229	5.60	8.07	2.43
B4019Ld	0.0992	0.0678	1534.8	0.980	0.795	103.9	338.9	5000.0	1527.0	0.656	0.0204	5.83	8.40	2.53
C4025Lb	0.161	0.0214	1094.4	0.940	0.669	29.9	107.0	5000.0	1082.0	0.685	0.0598	4.67	6.74	2.03
C4025Ld	0.204	0.0116	800.0	0.916	0.608	18.9	57.8	5000.0	788.0	0.670	0.0835	4.06	5.85	1.76
C4025Le	0.190	0.0134	767.4	0.926	0.635	22.7	67.2	5000.0	754.0	0.673	0.0736	4.21	6.07	1.83
D4034Ld	0.114	0.0471	1252.1	0.975	0.767	78.5	235.7	5000.0	1243.0	0.632	0.0246	5.46	7.88	2.37
D4034Le	0.158	0.0388	1250.5	0.962	0.740	54.1	194.2	5000.0	1241.0	0.651	0.0379	5.27	7.60	2.29
D4034Lf	0.187	0.0312	1191.4	0.951	0.714	41.1	155.9	5000.0	1180.0	0.662	0.0495	5.05	7.28	2.19
D4037La	0.125	0.0444	1260.8	0.972	0.758	70.7	221.8	5000.0	1250.0	0.651	0.0278	5.40	7.79	2.35
D4037Lb	0.194	0.0323	1201.0	0.953	0.718	44.2	161.3	5000.0	1190.0	0.667	0.0466	5.08	7.33	2.21
D4037Lc	0.173	0.0297	1210.3	0.949	0.705	38.5	148.5	5000.0	1200.0	0.674	0.0511	5.00	7.21	2.17
E4043La	0.195	0.0422	1410.1	0.955	0.739	50.8	210.8	5000.0	1397.0	0.707	0.0447	5.35	7.72	2.32
E4043Lb	0.104	0.0501	1369.6	0.974	0.765	76.8	250.4	5000.0	1360.0	0.655	0.0261	5.52	7.97	2.40
E4043Le	0.142	0.0628	1498.7	0.974	0.787	88.4	313.9	5000.0	1490.0	0.655	0.0261	5.75	8.29	2.50
E4045La	0.114	0.0606	1479.5	0.977	0.783	92.9	303.2	5000.0	1471.0	0.661	0.0226	5.71	8.24	2.48
E4045Lb	0.108	0.0693	1569.5	0.975	0.795	94.0	346.6	5000.0	1560.0	0.656	0.0246	5.85	8.44	2.54
E4045Le	0.120	0.0741	1496.5	0.979	0.810	112.4	370.7	5000.0	1491.0	0.606	0.0207	5.92	8.53	2.57
E4049La	0.0882	0.0709	1536.6	0.983	0.801	121.8	354.5	5000.0	1526.0	0.675	0.0165	5.87	8.47	2.55
E4049Lc	0.0638	0.0673	1386.6	0.986	0.805	133.6	336.7	5000.0	1379.0	0.633	0.0137	5.82	8.40	2.53
E4049Lf	0.0826	0.0681	1423.9	0.985	0.804	127.5	340.4	5000.0	1414.0	0.647	0.0151	5.83	8.41	2.53
F4056La	0.111	0.0768	1495.5	0.982	0.814	126.5	384.0	5000.0	1490.0	0.614	0.0179	5.95	8.58	2.58
F4056Lc	0.0924	0.0751	1533.1	0.984	0.809	130.5	375.5	5000.0	1522.0	0.662	0.0159	5.93	8.55	2.57
F4056Lf	0.142	0.0679	1606.3	0.973	0.790	86.4	339.5	5000.0	1599.0	0.652	0.0274	5.83	8.41	2.53
G4062Lb	0.0908	0.0404	1161.6	0.975	0.754	73.2	202.0	5000.0	1145.0	0.663	0.0245	5.31	7.66	2.31
G4062Lc	0.057	0.0796	1554.0	0.987	0.815	146.2	398.1	5000.0	1546.0	0.648	0.0132	5.99	8.64	2.60
G4062Le	0.0888	0.0555	1361.5	0.980	0.780	94.6	277.7	5000.0	1352.0	0.650	0.0205	5.63	8.12	2.44
G4066La	0.276	0.0156	979.0	0.907	0.635	20.1	78.2	5000.0	960.0	0.699	0.0927	4.36	6.29	1.89
G4066Lb	0.103	0.0571	1304.6	0.981	0.789	103.8	285.3	5000.0	1297.0	0.631	0.0189	5.65	8.16	2.46
G4066Lc	0.0898	0.0662	1446.2	0.983	0.798	115.8	331.0	5000.0	1439.0	0.643	0.0172	5.80	8.37	2.52
H4075Lb	0.212	0.00962	621.8	0.916	0.604	18.4	48.1	5000.0	608.0	0.655	0.0845	3.87	5.59	1.68
H4075Ld	0.228	0.0124	863.2	0.904	0.612	17.7	62.0	5000.0	853.0	0.673	0.0961	4.13	5.96	1.79
H4075Lf	0.266	0.00869	664.4	0.885	0.582	14.1	43.4	5000.0	653.0	0.650	0.115	3.77	5.44	1.64
H4076Lb	0.131	0.028	1040.4	0.962	0.713	46.7	140.1	5000.0	1029.0	0.652	0.0381	4.94	7.13	2.15
H4076Ld	0.111	0.0354	1205.9	0.968	0.731	56.7	177.2	5000.0	1195.0	0.664	0.032	5.18	7.47	2.25
H4076Le	0.115	0.0347	1230.6	0.969	0.726	56.9	173.5	5000.0	1220.0	0.686	0.0313	5.16	7.44	2.24
H4080Lc	0.0894	0.0753	1493.0	0.985	0.812	138.8	376.4	5000.0	1484.0	0.648	0.0146	5.93	8.56	2.58
H4080Ld	0.101	0.0696	1505.2	0.983	0.800	118.3	348.1	5000.0	1497.0	0.653	0.0174	5.85	8.44	2.54
H4080Lf	0.0776	0.0466	1275.4	0.980	0.763	87.5	233.0	5000.0	1267.0	0.661	0.0198	5.45	7.86	2.37
K4093La	0.0614	0.0695	1459.5	0.985	0.804	127.0	347.6	5000.0	1450.0	0.651	0.015	5.85	8.44	2.54
K4093Lc	0.107	0.0641	1366.1	0.982	0.800	117.3	320.4	5000.0	1356.0	0.654	0.0176	5.77	8.32	2.51
K4093Le	0.0976	0.0475	1335.3	0.975	0.761	76.9	237.5	5000.0	1326.0	0.663	0.0246	5.47	7.89	2.38
K4094La	0.190	0.0252	1081.6	0.949	0.694	37.1	126.1	5000.0	1066.0	0.686	0.051	4.84	6.98	2.10
K4094Lb	0.112	0.0139	787.9	0.952	0.638	29.7	69.7	5000.0	777.0	0.684	0.048	4.24	6.12	1.84
K4096Lc	0.127	0.0341	1288.1	0.960	0.719	46.9	170.5	5000.0	1276.0	0.689	0.0405	5.14	7.41	2.23
K4096Ld	0.152	0.0391	1318.7	0.961	0.735	52.4	195.4	5000.0	1309.0	0.662	0.0385	5.27	7.61	2.29
K4096Le	0.0952	0.0527	1371.2	0.977	0.772	84.1	263.4	5000.0	1363.0	0.646	0.0233	5.57	8.04	2.42
L4105La	0.0786	0.0512	1308.7	0.981	0.773	95.4	256.0	5000.0	1300.0	0.660	0.0188	5.55	8.00	2.41
L4105Lb	0.0902	0.0401	1054.0	0.980	0.763	83.6	200.6	5000.0	1045.0	0.625	0.0203	5.30	7.65	2.30
L4105Lc	0.102	0.0705	1481.9	0.983	0.804	120.5	352.6	5000.0	1475.0	0.639	0.0174	5.87	8.46	2.55
M4112La	0.152	0.0386	1268.8	0.962	0.737	52.7	192.8	5000.0	1261.0	0.635	0.0385	5.26	7.59	2.29
M4112Lb	0.116	0.0508	1374.3	0.969	0.767	69.2	254.2	5000.0	1367.0	0.630	0.0307	5.54	7.99	2.41
M4112Lf	0.085	0.0504	1337.6	0.978	0.769	85.5	251.8	5000.0	1329.0	0.656	0.0219	5.53	7.98	2.40
M4113La	0.0556	0.0821	1498.4	0.989	0.824	171.1	410.6	5000.0	1489.0	0.652	0.0109	6.02	8.68	2.61
M4113Lb	0.151	0.0333	1251.0	0.959	0.718	46.6	166.7	5000.0	1241.0	0.669	0.0412	5.12	7.38	2.22
M4113Ld	0.105	0.0499	1301.1	0.978	0.770	86.4	249.3	5000.0	1294.0	0.637	0.0219	5.52	7.96	2.40
M4114La	0.226	0.0266	1182.6	0.936	0.692	31.9	133.2	5000.0	1173.0	0.663	0.0641	4.89	7.06	2.12
M4114Lb	0.152	0.0418	1271.5	0.962	0.748	55.9	208.9	5000.0	1264.0	0.630	0.038	5.34	7.71	2.32
M4114Lf	0.163	0.0535	1495.5	0.964	0.765	63.0	267.4	5000.0	1487.0	0.650	0.0365	5.59	8.06	2.43
M4115La	0.205	0.0289	1129.7	0.947	0.708	38.1	144.4	5000.0	1120.0	0.636	0.0535	4.97	7.17	2.16
M4115Ld	0.0886	0.0609	1442.1	0.979	0.787	98.4	304.6	5000.0	1431.0	0.665	0.0206	5.72	8.25	2.48
M4115Lf	0.104	0.0424	1312.5	0.969	0.747	62.5	212.0	5000.0	1304.0	0.661	0.0313	5.36	7.73	2.33
M4117La	0.217	0.0176	1035.1	0.924	0.646	23.4	87.8	5000.0	1022.0	0.680	0.0757	4.47	6.46	1.94
M4117Ld	0.289	0.0128	914.0	0.896	0.611	17.2	64.1	5000.0	904.0	0.678	0.104	4.16	6.00	1.81
M4117Lf	0.330	0.0101	844.5	0.868	0.583	13.0	50.3	5000.0	832.0	0.665	0.132	3.92	5.65	1.70
M4118La	0.214	0.0243	1044.5	0.942	0.692	33.7	121.6	5000.0	1033.0	0.654	0.0582	4.80	6.93	2.08
M4118Lb	0.269	0.0184	933.1	0.918	0.662	24.1	92.1	5000.0	923.0	0.642	0.0819	4.52	6.52	1.96
M4118Lc	0.259	0.0139	949.0	0.909	0.620	19.2	69.4	5000.0	939.0	0.676	0.0908	4.24	6.12	1.84
M4119Lc	0.148	0.0282	1216.5	0.950	0.698	37.9	141.0	5000.0	1202.0	0.689	0.0496	4.95	7.14	2.15
M4119Ld	0.172	0.0295	1156.6	0.956	0.709	43.8	147.3	5000.0	1142.0	0.686	0.0436	4.99	7.20	2.17
M4119Le	0.153	0.0242	1062.1	0.954	0.689	37.8	121.0	5000.0	1051.0	0.663	0.0462	4.80	6.92	2.08
M4120Lb	0.192	0.0326	1205.6	0.954	0.719	44.8	162.9	5000.0	1194.0	0.664	0.046	5.09	7.35	2.21
M4120Le	0.232	0.0193	1090.4	0.925	0.655	24.8	96.3	5000.0	1072.0	0.706	0.0748	4.57	6.59	1.98
M4120Lf	0.182	0.0291	1203.2	0.953	0.703	40.7	145.7	5000.0	1191.0	0.684	0.0472	4.98	7.19	2.16
N4121La	0.246	0.0322	1270.6	0.933	0.711	33.9	160.8	5000.0	1262.0	0.647	0.0666	5.08	7.33	2.21
N4121Ld	0.181	0.0252	1022.6	0.953	0.699	39.4	125.8	5000.0	1012.0	0.663	0.0472	4.83	6.97	2.10
N4121Lf	0.130	0.0327	1121.9	0.967	0.727	54.9	163.6	5000.0	1110.0	0.658	0.033	5.10	7.35	2.21
N4126Lb	0.130	0.0653	1560.1	0.974	0.788	87.1	326.3	5000.0	1549.0	0.669	0.0262	5.79	8.35	2.51
N4126Ld	0.0664	0.0785	1514.5	0.986	0.816	144.5	392.6	5000.0	1506.0	0.636	0.0136	5.97	8.62	2.59
N4126Le	0.141	0.0495	1353.8	0.971	0.765	73.5	247.6	5000.0	1343.0	0.666	0.0288	5.51	7.95	2.39
N4127La	0.162	0.0412	1409.5	0.957	0.736	48.8	206.1	5000.0	1400.0	0.670	0.0435	5.33	7.69	2.31
N4127Lb	0.0964	0.0572	1353.9	0.978	0.785	94.0	286.0	5000.0	1346.0	0.635	0.0216	5.66	8.16	2.46
N4127Lc	0.116	0.0575	1421.1	0.977	0.781	90.1	287.4	5000.0	1412.0	0.654	0.0229	5.66	8.17	2.46
N4130La	0.122	0.0656	1464.1	0.978	0.796	102.6	328.2	5000.0	1455.0	0.646	0.0215	5.79	8.36	2.52
N4130Lb	0.095	0.0736	1475.8	0.984	0.810	130.4	368.0	5000.0	1466.0	0.648	0.016	5.91	8.52	2.57
N4130Le	0.0914	0.0707	1498.8	0.983	0.803	119.1	353.7	5000.0	1490.0	0.652	0.0173	5.87	8.47	2.55
P4135Lc	0.167	0.0529	1422.7	0.967	0.769	70.1	264.6	5000.0	1412.0	0.672	0.0335	5.58	8.05	2.42
P4135Ld	0.126	0.0304	1046.3	0.963	0.723	50.2	151.9	5000.0	1039.0	0.632	0.0368	5.02	7.25	2.18
P4135Lf	0.0724	0.0531	1261.6	0.983	0.783	103.5	265.4	5000.0	1251.0	0.648	0.0174	5.58	8.05	2.42
Q4141La	0.104	0.0568	1346.9	0.980	0.785	97.4	284.0	5000.0	1336.0	0.654	0.0204	5.65	8.15	2.45
S4168Lc	0.134	0.0703	1588.6	0.975	0.796	93.6	351.3	5000.0	1579.0	0.661	0.0253	5.86	8.46	2.55
S4168Ld	0.128	0.0567	1304.7	0.978	0.788	96.3	283.6	5000.0	1294.0	0.651	0.0223	5.65	8.15	2.45
S4168Lf	0.082	0.0671	1408.4	0.985	0.803	131.0	335.4	5000.0	1397.0	0.668	0.0146	5.82	8.39	2.53
W4194La	0.130	0.0434	1248.8	0.971	0.755	68.9	217.2	5000.0	1240.0	0.647	0.0287	5.38	7.76	2.34
W4194Lb	0.253	0.0188	1163.4	0.917	0.645	22.4	94.1	5000.0	1150.0	0.702	0.0831	4.54	6.56	1.97
W4194Le	0.141	0.0384	1181.7	0.965	0.744	57.5	191.9	5000.0	1174.0	0.625	0.0348	5.26	7.58	2.28
W4200La	0.0806	0.0579	1377.7	0.980	0.785	97.8	289.5	5000.0	1368.0	0.653	0.0201	5.67	8.18	2.46
W4200Lc	0.0692	0.0533	1333.1	0.981	0.777	97.3	266.7	5000.0	1323.0	0.660	0.0187	5.59	8.06	2.43
W4200Lf	0.112	0.0447	1199.0	0.976	0.764	78.9	223.6	5000.0	1189.0	0.641	0.0241	5.41	7.80	2.35
X4203La	0.0976	0.0512	1277.4	0.978	0.776	87.7	256.1	5000.0	1266.0	0.646	0.0222	5.55	8.00	2.41
X4203Lb	0.077	0.0611	1274.6	0.986	0.801	127.3	305.5	5000.0	1266.0	0.635	0.0142	5.72	8.26	2.49
X4203Lc	0.0836	0.0485	1259.4	0.982	0.770	96.7	242.4	5000.0	1247.0	0.674	0.0178	5.49	7.92	2.38
X4205Lc	0.308	0.0213	1258.2	0.895	0.654	19.6	106.3	5000.0	1249.0	0.680	0.105	4.67	6.73	2.03
X4205Ld	0.175	0.0442	1513.1	0.955	0.738	48.8	220.9	5000.0	1503.0	0.685	0.0446	5.40	7.79	2.34
X4205Lf	0.117	0.0419	1376.4	0.963	0.741	54.1	209.7	5000.0	1364.0	0.674	0.0371	5.35	7.71	2.32
Y4215Lb	0.146	0.0287	1116.7	0.953	0.708	40.8	143.4	5000.0	1108.0	0.650	0.0469	4.97	7.16	2.16
Y4215Le	0.139	0.0274	1108.4	0.957	0.703	41.8	136.9	5000.0	1098.0	0.669	0.0435	4.92	7.10	2.14
Y4215Lf	0.141	0.0268	1103.7	0.956	0.700	41.2	134.0	5000.0	1091.0	0.679	0.0437	4.90	7.07	2.13
D4040La	0.144	0.0391	1292.7	0.965	0.737	55.5	195.4	5000.0	1284.0	0.659	0.0354	5.28	7.61	2.29
D4040Lc	0.146	0.037	1294.9	0.962	0.729	51.5	184.9	5000.0	1285.0	0.675	0.0379	5.22	7.53	2.27
D4040Le	0.269	0.0193	1033.8	0.917	0.659	24.0	96.4	5000.0	1023.0	0.678	0.0827	4.57	6.59	1.98
F4057Lb	0.111	0.0436	1150.0	0.977	0.765	80.7	218.0	5000.0	1141.0	0.630	0.023	5.38	7.77	2.34
F4057Lc	0.182	0.0433	1386.7	0.956	0.744	51.0	216.6	5000.0	1375.0	0.672	0.0439	5.38	7.76	2.34
F4057Lf	0.228	0.032	1266.1	0.941	0.711	37.1	160.2	5000.0	1256.0	0.672	0.0593	5.08	7.32	2.20
J4087Lc	0.200	0.0225	1176.8	0.929	0.669	26.6	112.3	5000.0	1163.0	0.686	0.0714	4.72	6.81	2.05
J4087Ld	0.123	0.036	1098.4	0.968	0.742	59.2	180.0	5000.0	1092.0	0.605	0.0319	5.19	7.49	2.26
J4087Lf	0.144	0.0312	1317.9	0.952	0.704	39.6	156.0	5000.0	1309.0	0.684	0.0483	5.05	7.29	2.19
Q4142La	0.165	0.0203	999.9	0.943	0.670	31.0	101.4	5000.0	989.0	0.676	0.0566	4.62	6.66	2.01
Q4142Lb	0.164	0.015	717.1	0.948	0.658	30.2	74.9	5000.0	703.0	0.649	0.052	4.32	6.23	1.87
Q4142Ld	0.192	0.0153	987.4	0.924	0.630	22.1	76.6	5000.0	976.0	0.685	0.0758	4.34	6.26	1.88
Q4143La	0.154	0.0228	1047.7	0.954	0.682	37.2	113.9	5000.0	1036.0	0.682	0.0461	4.74	6.83	2.06
Q4143Lc	0.136	0.036	1174.8	0.969	0.735	60.1	180.1	5000.0	1166.0	0.668	0.0311	5.19	7.49	2.26
Q4143Ld	0.0856	0.0445	1247.1	0.977	0.759	78.2	222.3	5000.0	1238.0	0.666	0.0234	5.40	7.80	2.35
Q4144La	0.207	0.0328	1208.5	0.947	0.720	40.0	164.2	5000.0	1199.0	0.638	0.0531	5.10	7.36	2.22
Q4144Lb	0.157	0.0389	1233.4	0.963	0.741	55.2	194.3	5000.0	1225.0	0.642	0.0369	5.27	7.60	2.29
Q4144Le	0.157	0.0279	1136.2	0.958	0.703	43.1	139.4	5000.0	1121.0	0.693	0.0423	4.94	7.12	2.14
Q4146La	0.170	0.0329	1115.0	0.961	0.728	51.0	164.3	5000.0	1103.0	0.660	0.039	5.10	7.36	2.22
Q4146Lb	0.103	0.0428	1273.6	0.972	0.751	68.1	213.9	5000.0	1263.0	0.666	0.028	5.37	7.74	2.33
Q4146Le	0.172	0.0377	1226.6	0.962	0.737	54.6	188.5	5000.0	1218.0	0.660	0.0382	5.24	7.56	2.28
R4154La	0.110	0.0299	1006.1	0.967	0.725	52.9	149.6	5000.0	997.0	0.634	0.0333	5.01	7.23	2.18
R4154Lb	0.135	0.0348	1174.6	0.967	0.731	56.0	174.0	5000.0	1165.0	0.654	0.033	5.16	7.44	2.24
R4154Lf	0.128	0.0295	1001.2	0.968	0.724	55.4	147.5	5000.0	987.0	0.675	0.0321	4.99	7.20	2.17
J4088Hc	0.0616	0.105	1586.7	0.991	0.850	226.2	524.5	5000.0	1578.0	0.629	0.00875	6.26	9.03	2.72
J4088Hd	0.0438	0.0872	1375.8	0.992	0.842	207.6	436.1	5000.0	1369.0	0.593	0.00843	6.08	8.77	2.64
J4088He	0.0416	0.0735	1238.7	0.991	0.831	188.5	367.5	5000.0	1226.0	0.617	0.00853	5.91	8.52	2.57
J4089Ha	0.0776	0.0703	1299.5	0.987	0.818	150.0	351.4	5000.0	1292.0	0.614	0.0126	5.86	8.46	2.55
J4089Hb	0.0748	0.068	1299.7	0.987	0.813	141.2	339.8	5000.0	1293.0	0.609	0.0133	5.83	8.41	2.53
J4089Hf	0.181	0.0439	1302.4	0.959	0.753	55.6	219.7	5000.0	1294.0	0.636	0.0408	5.39	7.78	2.34
J4090Ha	0.0716	0.119	1802.7	0.990	0.852	217.9	592.5	5000.0	1795.0	0.649	0.0103	6.38	9.21	2.77
J4090Hb	0.0968	0.087	1648.5	0.985	0.821	145.6	435.1	5000.0	1640.0	0.663	0.0152	6.08	8.77	2.64
J4090Hd	0.0502	0.0845	1553.9	0.990	0.823	173.5	422.3	5000.0	1545.0	0.653	0.0105	6.05	8.72	2.63
K4091Ha	0.174	0.0392	1178.0	0.963	0.747	58.2	196.0	5000.0	1168.0	0.646	0.037	5.28	7.61	2.29
K4091Hd	0.177	0.0306	1039.0	0.959	0.726	47.8	153.1	5000.0	1027.0	0.629	0.0415	5.03	7.26	2.18
K4091He	0.118	0.0237	986.9	0.963	0.695	44.3	118.7	5000.0	970.0	0.682	0.0366	4.78	6.89	2.07
N4123Ha	0.202	0.0171	709.6	0.944	0.678	31.3	85.4	5000.0	703.0	0.578	0.0562	4.45	6.42	1.93
N4123Hb	0.146	0.0162	804.1	0.952	0.658	32.4	80.8	5000.0	794.0	0.662	0.048	4.39	6.34	1.91
N4123Hf	0.155	0.0391	1314.5	0.964	0.736	55.3	195.6	5000.0	1304.0	0.678	0.0364	5.28	7.61	2.29
S4165Lb	0.099	0.0543	1260.6	0.980	0.785	99.1	271.3	5000.0	1253.0	0.625	0.0196	5.60	8.08	2.43
S4165Ld	0.0526	0.0739	1485.8	0.987	0.810	140.9	369.3	5000.0	1475.0	0.654	0.0132	5.91	8.53	2.57
S4165Lf	0.0874	0.0672	1427.9	0.982	0.802	115.6	336.2	5000.0	1416.0	0.651	0.0177	5.82	8.39	2.53
S4167La	0.156	0.0316	1297.8	0.953	0.707	40.8	158.2	5000.0	1286.0	0.684	0.0468	5.06	7.31	2.20
S4167Ld	0.193	0.0289	1130.3	0.949	0.709	39.3	144.7	5000.0	1118.0	0.665	0.0511	4.97	7.18	2.16
S4167Lf	0.162	0.0272	1076.8	0.955	0.705	41.3	136.0	5000.0	1067.0	0.642	0.0445	4.91	7.09	2.13
Soil1Ha	0.0188	0.219	1919.5	0.998	0.926	748.4	1092.9	5000.0	1915.0	0.557	0.00197	7.00	10.1	3.04
Soil1Hb	0.011	0.233	1987.2	0.998	0.930	838.7	1165.2	5000.0	1982.0	0.581	0.00163	7.06	10.2	3.07
Soil1Hc	0.0158	0.219	2010.4	0.998	0.920	717.1	1095.3	5000.0	2005.0	0.595	0.00211	7.00	10.1	3.04
Soil1Hd	0.0206	0.215	1968.6	0.998	0.920	699.2	1073.5	5000.0	1963.0	0.587	0.00221	6.98	10.1	3.03
Soil1He	0.0184	0.211	1937.9	0.998	0.920	681.8	1056.3	5000.0	1934.0	0.559	0.00229	6.96	10.0	3.02
Soil1Hf	0.0146	0.146	1601.1	0.997	0.894	465.9	732.1	5000.0	1594.0	0.581	0.0031	6.60	9.52	2.86
Soil1La	0.0154	0.228	1988.2	0.998	0.927	774.1	1137.7	5000.0	1984.0	0.568	0.00191	7.04	10.2	3.06
Soil1Lb	0.0138	0.231	1976.5	0.998	0.929	814.9	1153.1	5000.0	1972.0	0.569	0.00173	7.05	10.2	3.06
Soil1Lc	0.0152	0.243	2091.1	0.998	0.929	819.2	1214.2	5000.0	2087.0	0.580	0.00184	7.10	10.2	3.08
Soil1Ld	0.0192	0.209	1891.6	0.998	0.922	697.8	1044.2	5000.0	1887.0	0.562	0.00215	6.95	10.0	3.02
Soil1Le	0.014	0.251	2121.6	0.998	0.932	873.0	1255.4	5000.0	2117.0	0.594	0.00167	7.14	10.3	3.10
Soil1Lf	0.0196	0.231	2065.0	0.998	0.924	756.9	1154.7	5000.0	2059.0	0.605	0.00205	7.05	10.2	3.06
Soil2Ha	0.0224	0.213	1977.1	0.998	0.919	678.4	1064.1	5000.0	1972.0	0.590	0.00235	6.97	10.1	3.03
Soil2Hb	0.0324	0.157	1694.8	0.997	0.897	477.5	786.8	5000.0	1689.0	0.586	0.00336	6.67	9.62	2.90
Soil2Hc	0.0098	0.254	2125.1	0.998	0.933	894.4	1267.7	5000.0	2120.0	0.593	0.00158	7.14	10.3	3.10
Soil2Hd	0.0144	0.203	1841.7	0.998	0.921	691.1	1015.8	5000.0	1838.0	0.549	0.0021	6.92	9.99	3.01
Soil2He	0.0142	0.242	2052.4	0.998	0.931	843.6	1207.6	5000.0	2048.0	0.575	0.0017	7.10	10.2	3.08
Soil2Hf	0.02	0.202	1874.1	0.998	0.918	652.7	1008.1	5000.0	1870.0	0.554	0.00236	6.92	9.98	3.00
Soil2La	0.012	0.242	2074.8	0.998	0.930	847.2	1210.1	5000.0	2069.0	0.598	0.00167	7.10	10.2	3.08
Soil2Lb	0.0172	0.192	1816.1	0.998	0.915	631.1	960.4	5000.0	1811.0	0.565	0.00237	6.87	9.91	2.98
Soil2Lc	0.0144	0.223	1968.9	0.998	0.925	760.5	1116.6	5000.0	1965.0	0.560	0.00191	7.02	10.1	3.05
Soil2Ld	0.0132	0.234	2010.2	0.998	0.929	817.8	1170.7	5000.0	2006.0	0.568	0.00174	7.07	10.2	3.07
Soil2Le	0.0132	0.247	2105.8	0.998	0.931	856.3	1237.1	5000.0	2100.0	0.598	0.0017	7.12	10.3	3.09
Soil2Lf	0.0132	0.221	1955.6	0.998	0.925	754.1	1105.1	5000.0	1951.0	0.573	0.00193	7.01	10.1	3.04
P4139Hb	0.117	0.0201	870.6	0.961	0.683	40.6	100.4	5000.0	854.0	0.681	0.0387	4.61	6.65	2.00
P4139Hc	0.0984	0.0372	1113.3	0.977	0.746	73.0	186.2	5000.0	1104.0	0.659	0.0234	5.23	7.54	2.27
P4139He	0.158	0.0218	946.8	0.954	0.686	37.5	108.8	5000.0	931.0	0.663	0.0457	4.69	6.77	2.04
P4140Ha	0.094	0.0537	1142.9	0.982	0.795	108.5	268.4	5000.0	1132.0	0.615	0.0176	5.59	8.07	2.43
P4140Hc	0.089	0.0435	1038.1	0.983	0.776	97.2	217.5	5000.0	1029.0	0.622	0.0174	5.38	7.76	2.34
P4140Hd	0.086	0.0326	935.8	0.977	0.746	71.0	163.0	5000.0	928.0	0.621	0.023	5.09	7.35	2.21
Q4145Ha	0.214	0.0439	1350.4	0.950	0.749	49.1	219.6	5000.0	1342.0	0.646	0.0497	5.39	7.78	2.34
Q4145He	0.118	0.0523	1220.1	0.979	0.784	96.1	261.7	5000.0	1209.0	0.643	0.021	5.57	8.03	2.42
Q4145Hf	0.0826	0.0593	1256.0	0.984	0.799	119.4	296.5	5000.0	1246.0	0.632	0.0155	5.69	8.21	2.47
Q4147Hd	0.129	0.0249	894.9	0.965	0.711	48.6	124.6	5000.0	884.0	0.640	0.0346	4.82	6.96	2.10
Q4147He	0.117	0.029	1010.5	0.969	0.721	55.4	145.2	5000.0	999.0	0.662	0.0305	4.98	7.18	2.16
Q4147Hf	0.121	0.0307	1140.4	0.964	0.716	49.6	153.6	5000.0	1130.0	0.668	0.0361	5.03	7.26	2.19
Q4148Ha	0.076	0.0764	1517.7	0.985	0.812	133.7	382.1	5000.0	1508.0	0.643	0.0152	5.95	8.58	2.58
Q4148Hd	0.158	0.0409	1310.8	0.963	0.742	55.9	204.4	5000.0	1300.0	0.676	0.0374	5.32	7.68	2.31
Q4148Hf	0.0862	0.0591	1366.6	0.983	0.789	107.9	295.7	5000.0	1359.0	0.643	0.0174	5.69	8.21	2.47
Q4149Hb	0.109	0.0438	1216.7	0.973	0.760	71.8	219.0	5000.0	1206.0	0.644	0.0269	5.39	7.78	2.34
Q4149Hc	0.115	0.0556	1313.6	0.976	0.784	87.3	278.1	5000.0	1306.0	0.610	0.0244	5.63	8.12	2.44
Q4149Hf	0.129	0.0353	1142.1	0.966	0.736	55.7	176.4	5000.0	1132.0	0.651	0.034	5.17	7.46	2.25
G4061Ha	0.097	0.0512	1237.5	0.981	0.779	96.0	255.8	5000.0	1230.0	0.626	0.0195	5.54	8.00	2.41
G4061Hb	0.059	0.0944	1441.0	0.991	0.847	218.8	472.1	5000.0	1435.0	0.595	0.00853	6.16	8.88	2.67
T4177Ha	0.156	0.0189	871.2	0.953	0.673	35.0	94.5	5000.0	861.0	0.650	0.0467	4.55	6.56	1.98
T4177Hc	0.169	0.0185	947.0	0.949	0.662	32.2	92.3	5000.0	934.0	0.693	0.0512	4.53	6.53	1.97
T4177Hf	0.215	0.0378	1259.3	0.949	0.735	45.5	189.2	5000.0	1248.0	0.675	0.0512	5.24	7.56	2.28
T4179Ha	0.140	0.038	1017.3	0.972	0.758	69.8	189.8	5000.0	1010.0	0.600	0.0279	5.25	7.57	2.28
T4179Hc	0.147	0.0313	1001.9	0.966	0.732	55.1	156.5	5000.0	991.0	0.644	0.0339	5.05	7.29	2.19
T4179Hd	0.103	0.0446	1152.3	0.974	0.768	75.1	223.2	5000.0	1141.0	0.613	0.0261	5.41	7.80	2.35
W4195Hb	0.0392	0.109	1579.7	0.993	0.856	258.3	545.3	5000.0	1573.0	0.618	0.00705	6.30	9.09	2.74
W4195Hc	0.0744	0.0967	1566.5	0.989	0.841	194.4	483.4	5000.0	1558.0	0.633	0.0107	6.18	8.92	2.68
W4195He	0.0368	0.124	1656.3	0.994	0.868	308.4	618.9	5000.0	1647.0	0.632	0.00575	6.43	9.27	2.79
W4196Ha	0.0746	0.0657	1292.1	0.986	0.810	134.5	328.4	5000.0	1283.0	0.613	0.0138	5.79	8.36	2.52
W4196Hb	0.0796	0.0436	1185.3	0.980	0.762	85.0	218.1	5000.0	1175.0	0.661	0.0204	5.38	7.77	2.34
W4196Hc	0.0894	0.0693	1496.7	0.982	0.801	115.6	346.5	5000.0	1488.0	0.651	0.0178	5.85	8.44	2.54
W4197Ha	0.0552	0.085	1490.0	0.990	0.829	184.1	424.9	5000.0	1480.0	0.650	0.00981	6.05	8.73	2.63
W4197Hb	0.085	0.0711	1313.2	0.987	0.819	149.9	355.5	5000.0	1304.0	0.622	0.0129	5.87	8.47	2.55
W4197Hc	0.151	0.0456	1162.4	0.971	0.770	73.8	227.9	5000.0	1155.0	0.606	0.0291	5.43	7.83	2.36
X4204Ha	0.140	0.0473	1235.4	0.973	0.769	77.6	236.5	5000.0	1225.0	0.647	0.0269	5.47	7.89	2.37
X4204Hc	0.129	0.0315	980.8	0.970	0.736	60.0	157.5	5000.0	969.0	0.640	0.0296	5.06	7.30	2.20
X4204He	0.0866	0.0825	1498.7	0.987	0.824	160.1	412.3	5000.0	1490.0	0.634	0.0127	6.02	8.69	2.62
Y4211Ha	0.175	0.027	952.3	0.959	0.716	46.4	135.0	5000.0	943.0	0.629	0.0409	4.91	7.08	2.13
Y4211Hc	0.195	0.0291	1067.5	0.952	0.715	42.3	145.7	5000.0	1058.0	0.637	0.0479	4.98	7.19	2.16
Y4211Hf	0.109	0.0385	1086.6	0.973	0.753	68.2	192.3	5000.0	1076.0	0.623	0.0272	5.26	7.59	2.28
A4002Hc	0.141	0.0457	1232.6	0.971	0.764	72.2	228.7	5000.0	1226.0	0.628	0.0289	5.43	7.84	2.36
A4002Hd	0.125	0.0448	1142.4	0.976	0.769	80.6	224.1	5000.0	1134.0	0.621	0.0245	5.41	7.81	2.35
A4002Hf	0.145	0.047	1235.0	0.971	0.768	73.9	234.8	5000.0	1224.0	0.643	0.0287	5.46	7.88	2.37
A4010Hb	0.0842	0.0697	1168.8	0.987	0.829	155.4	348.7	5000.0	1162.0	0.560	0.0126	5.85	8.45	2.54
A4010Hd	0.0574	0.0848	1458.4	0.991	0.831	191.0	424.2	5000.0	1449.0	0.640	0.00935	6.05	8.73	2.63
A4010He	0.0792	0.0644	1278.9	0.985	0.808	126.5	322.0	5000.0	1267.0	0.626	0.0154	5.77	8.33	2.51
B4020Ha	0.100	0.0424	1213.1	0.977	0.755	78.3	212.0	5000.0	1204.0	0.648	0.0225	5.36	7.73	2.33
B4020Hb	0.201	0.0166	858.6	0.936	0.655	27.2	83.1	5000.0	849.0	0.651	0.0638	4.42	6.38	1.92
B4020Hd	0.154	0.027	1028.9	0.953	0.708	40.2	134.8	5000.0	1019.0	0.628	0.0467	4.90	7.07	2.13
C4021Ha	0.0828	0.052	1280.8	0.979	0.778	92.1	260.0	5000.0	1267.0	0.655	0.0206	5.56	8.02	2.42
C4021Hc	0.140	0.0212	940.1	0.951	0.682	34.9	105.9	5000.0	929.0	0.640	0.049	4.66	6.73	2.02
C4021Hf	0.188	0.0221	938.7	0.949	0.688	35.6	110.3	5000.0	927.0	0.640	0.0511	4.70	6.78	2.04
C4022Hb	0.104	0.0533	1194.6	0.980	0.789	99.0	266.4	5000.0	1185.0	0.616	0.0199	5.59	8.06	2.43
C4022Hd	0.123	0.0505	1242.5	0.977	0.777	88.3	252.4	5000.0	1233.0	0.640	0.0229	5.53	7.98	2.40
C4022Hf	0.127	0.0376	1235.0	0.965	0.737	55.9	188.1	5000.0	1225.0	0.655	0.0346	5.24	7.56	2.27
C4027Ha	0.126	0.0383	1177.3	0.970	0.744	62.4	191.4	5000.0	1167.0	0.652	0.0305	5.25	7.58	2.28
C4027Hb	0.183	0.0211	871.3	0.952	0.689	36.8	105.4	5000.0	860.0	0.646	0.0484	4.66	6.72	2.02
C4027Hc	0.190	0.0223	1006.8	0.940	0.683	31.5	111.7	5000.0	994.0	0.645	0.0595	4.72	6.80	2.05
E4044Hc	0.102	0.0719	1437.8	0.982	0.810	122.7	359.7	5000.0	1430.0	0.625	0.0177	5.89	8.49	2.56
E4044Hd	0.0954	0.0394	1094.6	0.978	0.756	78.6	197.1	5000.0	1086.0	0.636	0.0219	5.28	7.62	2.29
E4044He	0.0708	0.0427	1067.5	0.983	0.770	93.8	213.3	5000.0	1059.0	0.621	0.0173	5.36	7.74	2.33
G4065Hb	0.138	0.0565	1380.1	0.973	0.781	83.8	282.7	5000.0	1370.0	0.653	0.0266	5.64	8.14	2.45
G4065Hd	0.108	0.0432	1229.0	0.972	0.757	70.4	216.0	5000.0	1218.0	0.654	0.0277	5.38	7.75	2.33
G4065He	0.159	0.0495	1302.8	0.968	0.769	70.4	247.3	5000.0	1294.0	0.640	0.032	5.51	7.95	2.39
H4079Ha	0.0964	0.0684	1339.1	0.985	0.811	131.7	342.0	5000.0	1329.0	0.625	0.0155	5.83	8.42	2.53
H4079Hb	0.106	0.0547	1353.9	0.978	0.779	92.3	273.4	5000.0	1342.0	0.672	0.0219	5.61	8.09	2.44
H4079Hc	0.0798	0.0882	1539.8	0.988	0.830	168.5	440.9	5000.0	1532.0	0.630	0.0123	6.09	8.78	2.64
L4101Ha	0.139	0.029	1057.2	0.964	0.716	49.3	145.2	5000.0	1048.0	0.650	0.0364	4.98	7.18	2.16
L4101Hd	0.189	0.0249	1048.8	0.950	0.695	38.0	124.6	5000.0	1039.0	0.661	0.0496	4.83	6.96	2.10
L4101Hf	0.119	0.0335	1168.1	0.966	0.726	54.0	167.3	5000.0	1159.0	0.666	0.0339	5.12	7.39	2.22
L4103Ha	0.180	0.0189	1074.9	0.932	0.652	25.8	94.3	5000.0	1064.0	0.685	0.0682	4.55	6.56	1.97
L4103Hb	0.158	0.0396	1341.3	0.959	0.735	50.8	198.0	5000.0	1331.0	0.679	0.0413	5.29	7.63	2.30
L4103Hd	0.173	0.0215	1090.8	0.947	0.670	32.8	107.6	5000.0	1077.0	0.702	0.0529	4.68	6.75	2.03
L4108Hc	0.102	0.0324	928.6	0.975	0.746	68.2	161.8	5000.0	918.0	0.620	0.0246	5.09	7.34	2.21
L4108He	0.150	0.026	910.5	0.962	0.715	46.5	129.9	5000.0	901.0	0.619	0.0385	4.87	7.02	2.11
L4108Hf	0.114	0.0262	937.8	0.965	0.714	48.6	131.0	5000.0	925.0	0.650	0.0353	4.88	7.03	2.12
L4110Ha	0.0716	0.109	1549.3	0.992	0.858	246.3	544.7	5000.0	1540.0	0.615	0.00837	6.30	9.09	2.74
L4110Hd	0.1	0.0704	1458.8	0.983	0.806	122.6	352.1	5000.0	1450.0	0.652	0.0171	5.86	8.46	2.55
L4110He	0.039	0.0958	1437.6	0.993	0.849	240.4	478.9	5000.0	1431.0	0.603	0.00699	6.17	8.90	2.68
X4210Ha	0.0458	0.0848	1497.3	0.990	0.828	183.0	424.0	5000.0	1489.0	0.642	0.00978	6.05	8.73	2.63
X4210Hc	0.064	0.0862	1615.7	0.987	0.822	152.4	431.2	5000.0	1607.0	0.649	0.0135	6.07	8.75	2.63
X4210Hf	0.0912	0.0787	1525.8	0.984	0.816	132.3	393.5	5000.0	1518.0	0.631	0.0165	5.97	8.62	2.59
Y4216Ha	0.162	0.0366	1323.1	0.955	0.725	45.9	182.8	5000.0	1314.0	0.668	0.0445	5.21	7.51	2.26
Y4216Hd	0.225	0.0308	1333.0	0.936	0.701	33.0	153.8	5000.0	1324.0	0.671	0.0638	5.04	7.26	2.19
Y4216He	0.219	0.0418	1414.4	0.947	0.737	45.1	209.0	5000.0	1402.0	0.689	0.0529	5.34	7.71	2.32
A50LnCp7r1	0.129	0.025	773.2	0.969	0.727	53.4	124.8	5000.0	765.0	0.586	0.0313	4.83	6.96	2.10
A50LnCp7r2	0.116	0.035	948.4	0.976	0.754	72.8	175.0	5000.0	940.0	0.613	0.0243	5.16	7.45	2.24
A50LnCp7r3	0.138	0.0302	866.6	0.970	0.743	61.2	151.0	5000.0	857.0	0.607	0.0295	5.02	7.24	2.18
A50LnCp7r4	0.101	0.029	830.2	0.975	0.742	64.4	145.2	5000.0	822.0	0.595	0.0254	4.98	7.18	2.16
A50LnCp7r5	0.125	0.0466	1045.4	0.977	0.785	89.2	233.2	5000.0	1038.0	0.583	0.0227	5.45	7.87	2.37
A50LnCp7r6	0.1	0.0356	899.9	0.979	0.763	79.3	177.9	5000.0	891.0	0.601	0.0214	5.18	7.48	2.25
A50LnCp7r7	0.111	0.0306	815.2	0.976	0.752	69.3	153.0	5000.0	806.0	0.580	0.024	5.03	7.26	2.18
A50LnCp7r8	0.095	0.0376	890.4	0.980	0.772	85.5	188.1	5000.0	884.0	0.559	0.0197	5.24	7.56	2.27
A50LnCp7r9	0.0986	0.0431	987.7	0.982	0.780	96.3	215.6	5000.0	982.0	0.573	0.0181	5.37	7.75	2.33
A50LnCp7r10	0.117	0.0287	836.0	0.972	0.740	60.1	143.6	5000.0	826.0	0.590	0.0283	4.97	7.17	2.16
A50LnCp7r11	0.0898	0.032	939.5	0.975	0.743	66.4	160.1	5000.0	925.0	0.622	0.0252	5.08	7.32	2.20
A50LnCp7r12	0.101	0.0388	892.8	0.981	0.776	89.4	194.1	5000.0	886.0	0.572	0.0192	5.27	7.60	2.29
A50LnCp7r13	0.115	0.0246	830.3	0.966	0.717	49.1	123.2	5000.0	820.0	0.608	0.0343	4.81	6.94	2.09
A50LnCp7r14	0.132	0.0354	914.3	0.973	0.760	70.3	176.9	5000.0	907.0	0.594	0.0269	5.18	7.47	2.25
A50LnCp7r15	0.155	0.0215	744.9	0.962	0.708	44.5	107.4	5000.0	737.0	0.599	0.0383	4.68	6.75	2.03
A56LnCp7r1	0.125	0.0366	957.4	0.976	0.760	76.6	182.8	5000.0	950.0	0.615	0.0237	5.21	7.51	2.26
A56LnCp7r2	0.208	0.0218	819.5	0.945	0.700	35.1	109.1	5000.0	813.0	0.582	0.055	4.69	6.77	2.04
A56LnCp7r3	0.210	0.0221	821.5	0.945	0.702	35.3	110.3	5000.0	812.0	0.590	0.0554	4.70	6.79	2.04
A56LnCp7r4	0.236	0.0186	804.8	0.933	0.679	28.8	93.2	5000.0	795.0	0.612	0.0669	4.54	6.54	1.97
A56LnCp7r5	0.167	0.0301	867.7	0.964	0.742	54.2	150.6	5000.0	862.0	0.568	0.0364	5.01	7.23	2.18
A56LnCp7r6	0.175	0.0217	759.8	0.958	0.708	42.9	108.6	5000.0	748.0	0.617	0.0419	4.69	6.76	2.04
A56LnCp7r7	0.189	0.0217	777.8	0.954	0.705	39.9	108.5	5000.0	769.0	0.600	0.0464	4.69	6.76	2.04
A56LnCp7r8	0.223	0.0156	674.0	0.937	0.671	28.7	78.2	5000.0	664.0	0.624	0.0628	4.36	6.29	1.89
A56LnCp7r9	0.178	0.0254	852.9	0.958	0.719	45.7	127.2	5000.0	843.0	0.622	0.0418	4.85	6.99	2.10
A56LnCp7r10	0.167	0.0222	742.1	0.960	0.714	44.1	111.2	5000.0	733.0	0.593	0.0404	4.71	6.80	2.05
A56LnCp7r11	0.147	0.0281	764.3	0.969	0.746	59.4	140.7	5000.0	757.0	0.558	0.0307	4.95	7.14	2.15
A56LnCp7r12	0.164	0.0248	784.4	0.962	0.724	48.4	123.8	5000.0	777.0	0.569	0.0375	4.82	6.95	2.09
A56LnCp7r13	0.116	0.0337	911.3	0.975	0.754	70.1	168.6	5000.0	902.0	0.598	0.0249	5.13	7.40	2.23
A56LnCp7r14	0.177	0.0238	799.5	0.959	0.716	45.4	118.9	5000.0	789.0	0.614	0.041	4.78	6.89	2.08
A56LnCp7r15	0.177	0.0242	862.9	0.957	0.711	42.8	120.9	5000.0	852.0	0.614	0.0433	4.79	6.92	2.08
IR24LnCp7r1	0.100	0.048	1031.8	0.981	0.790	99.5	239.8	5000.0	1025.0	0.570	0.0187	5.48	7.91	2.38
IR24LnCp7r2	0.0778	0.0402	969.0	0.981	0.772	88.3	201.1	5000.0	962.0	0.573	0.0188	5.30	7.65	2.30
IR24LnCp7r3	0.0796	0.0407	935.6	0.981	0.778	91.3	203.5	5000.0	928.0	0.575	0.0187	5.32	7.67	2.31
IR24LnCp7r4	0.102	0.0352	916.2	0.976	0.759	72.8	175.8	5000.0	908.0	0.579	0.0236	5.17	7.46	2.25
IR24LnCp7r5	0.163	0.0252	813.7	0.961	0.723	46.9	126.2	5000.0	803.0	0.592	0.0391	4.84	6.98	2.10
IR24LnCp7r6	0.096	0.039	1039.3	0.976	0.760	75.1	195.2	5000.0	1029.0	0.617	0.0238	5.27	7.61	2.29
IR24LnCp7r7	0.0884	0.0416	963.9	0.981	0.778	90.2	208.2	5000.0	958.0	0.566	0.0192	5.34	7.70	2.32
IR24LnCp7r8	0.0586	0.0652	1214.1	0.990	0.816	158.2	326.2	5000.0	1207.0	0.612	0.0104	5.79	8.35	2.51
IR24LnCp7r9	0.078	0.0477	970.6	0.986	0.797	117.4	238.6	5000.0	963.0	0.577	0.0141	5.47	7.90	2.38
IR24LnCp7r10	0.0748	0.0395	967.7	0.982	0.770	89.2	197.6	5000.0	959.0	0.591	0.0182	5.29	7.63	2.30
IR24LnCp7r11	0.0668	0.0287	858.8	0.977	0.737	67.0	143.7	5000.0	848.0	0.624	0.0226	4.97	7.17	2.16
IR24LnCp7r12	0.075	0.044	1022.7	0.984	0.780	102.0	219.8	5000.0	1010.0	0.623	0.016	5.39	7.78	2.34
IR24LnCp7r13	0.107	0.0344	923.1	0.977	0.755	73.7	172.1	5000.0	915.0	0.605	0.0232	5.15	7.43	2.24
IR24LnCp7r14	0.100	0.0444	1073.4	0.979	0.775	85.9	222.0	5000.0	1066.0	0.596	0.0214	5.40	7.79	2.35
IR24LnCp7r15	0.123	0.033	950.8	0.970	0.745	60.8	164.8	5000.0	943.0	0.594	0.0303	5.10	7.36	2.22
IR24LnCp7r16	0.122	0.0422	1034.4	0.976	0.772	81.1	211.0	5000.0	1026.0	0.592	0.0235	5.35	7.72	2.32
ZH11HnCp7r1	0.191	0.0123	656.7	0.925	0.637	21.8	61.7	5000.0	647.0	0.593	0.0748	4.12	5.95	1.79
ZH11HnCp7r2	0.119	0.0185	688.5	0.960	0.694	38.7	92.6	5000.0	684.0	0.531	0.0404	4.53	6.53	1.97
ZH11HnCp7r3	0.178	0.0167	737.9	0.943	0.671	29.8	83.5	5000.0	730.0	0.594	0.057	4.42	6.38	1.92
ZH11HnCp7r4	0.151	0.0135	660.9	0.937	0.650	25.2	67.4	5000.0	651.0	0.595	0.0634	4.21	6.07	1.83
ZH11HnCp7r5	0.202	0.0128	666.6	0.931	0.641	23.6	64.0	5000.0	654.0	0.621	0.0694	4.16	6.00	1.81
ZH11HnCp7r6	0.137	0.0177	750.1	0.953	0.678	34.0	88.4	5000.0	740.0	0.595	0.0473	4.48	6.47	1.95
ZH11HnCp7r7	0.149	0.0255	836.8	0.962	0.721	46.6	127.3	5000.0	829.0	0.577	0.0384	4.85	6.99	2.10
ZH11HnCp7r8	0.119	0.0266	764.7	0.971	0.738	58.3	133.2	5000.0	757.0	0.569	0.0286	4.89	7.06	2.12
ZH11HnCp7r9	0.131	0.0194	686.6	0.963	0.702	42.3	97.2	5000.0	678.0	0.574	0.0373	4.58	6.60	1.99
ZH11HnCp7r10	0.132	0.0208	745.5	0.958	0.703	39.9	104.2	5000.0	739.0	0.551	0.0422	4.65	6.70	2.02
ZH11HnCp7r11	0.122	0.0289	789.6	0.972	0.746	61.5	144.4	5000.0	782.0	0.562	0.0281	4.97	7.17	2.16
ZH11HnCp7r12	0.126	0.0249	769.6	0.967	0.727	51.2	124.5	5000.0	762.0	0.573	0.0329	4.82	6.96	2.10
ZH11HnCp7r13	0.099	0.0259	776.1	0.970	0.732	54.7	129.3	5000.0	769.0	0.560	0.0299	4.86	7.01	2.11
ZH11HnCp7r14	0.187	0.0142	696.7	0.935	0.653	25.6	71.0	5000.0	686.0	0.607	0.0647	4.26	6.15	1.85
ZH11HnCp7r15	0.163	0.0235	899.9	0.953	0.702	38.8	117.3	5000.0	886.0	0.629	0.0468	4.76	6.87	2.07
ZH11HnCp7r16	0.110	0.0228	761.3	0.967	0.715	48.5	113.8	5000.0	754.0	0.588	0.0331	4.73	6.83	2.06
ZH11HnCp7r17	0.154	0.023	818.1	0.957	0.709	42.0	115.2	5000.0	806.0	0.603	0.0426	4.75	6.85	2.06
A50HnCp7r1	0.057	0.0478	1022.1	0.986	0.791	115.2	238.8	5000.0	1013.0	0.605	0.014	5.48	7.90	2.38
A50HnCp7r2	0.0398	0.066	1089.8	0.992	0.830	185.6	329.8	5000.0	1081.0	0.589	0.00807	5.80	8.37	2.52
A50HnCp7r3	0.0656	0.0334	858.8	0.981	0.759	80.5	167.0	5000.0	848.0	0.597	0.019	5.12	7.38	2.22
A50HnCp7r4	0.0904	0.0412	993.2	0.981	0.773	90.8	206.2	5000.0	983.0	0.606	0.0188	5.33	7.69	2.31
A50HnCp7r5	0.0664	0.058	1072.5	0.989	0.813	144.1	290.0	5000.0	1065.0	0.583	0.0115	5.67	8.18	2.46
A50HnCp7r6	0.0482	0.0545	1027.4	0.989	0.809	142.2	272.5	5000.0	1020.0	0.577	0.0108	5.61	8.09	2.44
A50HnCp7r7	0.0644	0.0403	902.9	0.985	0.781	102.4	201.6	5000.0	894.0	0.583	0.0149	5.31	7.66	2.30
A50HnCp7r8	0.0796	0.0507	1041.5	0.986	0.798	120.6	253.5	5000.0	1032.0	0.602	0.0141	5.54	7.99	2.40
A50HnCp7r9	0.0796	0.0382	920.0	0.982	0.770	90.4	191.0	5000.0	913.0	0.577	0.0178	5.25	7.58	2.28
A50HnCp7r10	0.0694	0.0359	882.2	0.982	0.766	85.6	179.7	5000.0	876.0	0.569	0.0183	5.19	7.49	2.25
A50HnCp7r11	0.061	0.0442	977.0	0.986	0.786	110.2	221.0	5000.0	964.0	0.613	0.0141	5.40	7.79	2.34
A50HnCp7r12	0.073	0.0494	1060.5	0.983	0.791	106.9	246.8	5000.0	1054.0	0.575	0.0165	5.51	7.95	2.39
A50HnCp7r13	0.067	0.0428	973.7	0.984	0.781	101.9	214.2	5000.0	968.0	0.573	0.0157	5.37	7.74	2.33
A50HnCp7r14	0.0638	0.0441	961.5	0.984	0.787	102.9	220.6	5000.0	954.0	0.564	0.0159	5.40	7.79	2.34
A50HnCp7r15	0.0822	0.0459	1007.5	0.983	0.787	103.6	229.4	5000.0	1002.0	0.578	0.0165	5.44	7.84	2.36
A56HnCp7r1	0.0766	0.0353	777.1	0.984	0.779	95.0	176.7	5000.0	766.0	0.566	0.0159	5.17	7.47	2.25
A56HnCp7r2	0.0886	0.0358	963.6	0.979	0.756	78.3	178.9	5000.0	954.0	0.620	0.0209	5.19	7.48	2.25
A56HnCp7r3	0.0882	0.0344	821.2	0.982	0.768	86.0	172.1	5000.0	813.0	0.581	0.0183	5.15	7.43	2.24
A56HnCp7r4	0.0432	0.0447	904.7	0.988	0.795	121.2	223.3	5000.0	898.0	0.563	0.0121	5.41	7.80	2.35
A56HnCp7r5	0.0704	0.0512	967.1	0.988	0.808	135.8	256.2	5000.0	959.0	0.575	0.0117	5.55	8.00	2.41
A56HnCp7r6	0.0716	0.0436	919.0	0.985	0.790	108.5	218.2	5000.0	910.0	0.576	0.0147	5.39	7.77	2.34
A56HnCp7r7	0.0946	0.0308	865.5	0.975	0.746	66.4	153.9	5000.0	857.0	0.597	0.0252	5.04	7.27	2.19
A56HnCp7r8	0.106	0.0317	805.7	0.978	0.758	75.8	158.4	5000.0	795.0	0.588	0.0216	5.06	7.31	2.20
A56HnCp7r9	0.0692	0.0488	1002.9	0.987	0.796	119.9	244.2	5000.0	996.0	0.580	0.0134	5.50	7.93	2.39
A56HnCp7r10	0.0748	0.048	1030.1	0.985	0.791	113.1	239.9	5000.0	1021.0	0.601	0.0146	5.48	7.91	2.38
A56HnCp7r11	0.0388	0.0541	1000.1	0.990	0.812	146.8	270.5	5000.0	992.0	0.581	0.0102	5.60	8.08	2.43
A56HnCp7r12	0.0866	0.0279	789.2	0.976	0.742	65.5	139.7	5000.0	776.0	0.602	0.0238	4.94	7.13	2.15
A56HnCp7r13	0.074	0.0345	842.8	0.982	0.766	86.1	172.4	5000.0	830.0	0.608	0.018	5.15	7.43	2.24
A56HnCp7r14	0.076	0.0407	890.6	0.985	0.784	103.7	203.5	5000.0	881.0	0.587	0.0151	5.32	7.67	2.31
A56HnCp7r15	0.0552	0.0477	947.5	0.988	0.800	129.0	238.7	5000.0	940.0	0.574	0.0115	5.48	7.90	2.38
IR24HnCp7r1	0.068	0.0372	927.4	0.982	0.766	88.6	186.0	5000.0	919.0	0.601	0.0175	5.23	7.54	2.27
IR24HnCp7r2	0.065	0.0522	969.1	0.988	0.810	136.5	260.9	5000.0	962.0	0.559	0.0117	5.56	8.03	2.42
IR24HnCp7r3	0.0432	0.0542	989.3	0.990	0.813	147.0	270.8	5000.0	981.0	0.573	0.0103	5.60	8.08	2.43
IR24HnCp7r4	0.029	0.0603	1039.6	0.992	0.823	172.0	301.7	5000.0	1033.0	0.565	0.00832	5.71	8.24	2.48
IR24HnCp7r5	0.0274	0.06	956.0	0.992	0.832	182.9	300.1	5000.0	950.0	0.532	0.00755	5.70	8.23	2.48
IR24HnCp7r6	0.0432	0.0465	932.9	0.988	0.798	124.3	232.4	5000.0	925.0	0.572	0.012	5.45	7.86	2.37
IR24HnCp7r7	0.0356	0.0477	879.3	0.990	0.809	138.6	238.3	5000.0	871.0	0.560	0.0102	5.47	7.90	2.38
IR24HnCp7r8	0.0402	0.0551	968.2	0.991	0.818	155.3	275.4	5000.0	961.0	0.551	0.00945	5.62	8.11	2.44
IR24HnCp7r9	0.0496	0.0477	952.8	0.988	0.799	125.1	238.7	5000.0	946.0	0.568	0.0122	5.48	7.90	2.38
IR24HnCp7r10	0.071	0.0492	987.0	0.987	0.799	125.9	245.9	5000.0	979.0	0.595	0.0127	5.51	7.94	2.39
IR24HnCp7r11	0.0468	0.0573	1020.3	0.990	0.818	157.4	286.6	5000.0	1012.0	0.577	0.00955	5.66	8.16	2.46
IR24HnCp7r12	0.055	0.0602	1061.5	0.990	0.820	162.2	301.1	5000.0	1055.0	0.574	0.00954	5.71	8.23	2.48
IR24HnCp7r13	0.032	0.059	1039.5	0.991	0.820	164.2	295.0	5000.0	1032.0	0.580	0.00894	5.69	8.20	2.47
IR24HnCp7r14	0.0398	0.059	1023.0	0.991	0.821	166.4	294.8	5000.0	1017.0	0.567	0.00881	5.69	8.20	2.47
IR24HnCp7r15	0.0334	0.0604	1022.3	0.992	0.825	174.5	302.1	5000.0	1014.0	0.566	0.00821	5.71	8.24	2.48
ZH11LnSz7r1	0.0542	0.0473	958.0	0.988	0.797	127.0	236.6	5000.0	949.0	0.598	0.0118	5.47	7.89	2.37
ZH11LnSz7r2	0.110	0.0286	798.8	0.973	0.744	61.5	143.1	5000.0	792.0	0.554	0.0271	4.96	7.16	2.16
ZH11LnSz7r3	0.128	0.0266	761.3	0.972	0.738	59.4	132.8	5000.0	754.0	0.579	0.0282	4.89	7.05	2.12
ZH11LnSz7r4	0.061	0.0325	825.7	0.982	0.759	81.5	162.4	5000.0	818.0	0.581	0.0183	5.09	7.34	2.21
ZH11LnSz7r5	0.08	0.0336	945.9	0.978	0.749	73.5	168.2	5000.0	933.0	0.632	0.022	5.12	7.39	2.23
ZH11LnSz7r6	0.122	0.0188	759.4	0.957	0.686	37.4	93.8	5000.0	749.0	0.608	0.0429	4.54	6.55	1.97
ZH11LnSz7r7	0.107	0.0316	955.1	0.972	0.739	62.1	157.9	5000.0	942.0	0.641	0.0279	5.06	7.30	2.20
ZH11LnSz7r8	0.0936	0.0264	737.7	0.976	0.741	63.5	132.1	5000.0	727.0	0.577	0.0243	4.88	7.05	2.12
ZH11LnSz7r9	0.098	0.0229	697.7	0.972	0.725	54.0	114.5	5000.0	692.0	0.545	0.0284	4.74	6.84	2.06
ZH11LnSz7r10	0.109	0.0309	817.0	0.975	0.753	68.2	154.6	5000.0	807.0	0.588	0.025	5.04	7.27	2.19
ZH11LnSz7r11	0.0692	0.025	691.5	0.975	0.739	60.9	124.9	5000.0	686.0	0.534	0.0247	4.83	6.96	2.10
ZH11LnSz7r12	0.0964	0.0235	817.6	0.967	0.712	48.6	117.6	5000.0	810.0	0.599	0.0327	4.77	6.88	2.07
ZH11LnSz7r13	0.129	0.0193	672.6	0.964	0.703	43.7	96.4	5000.0	665.0	0.586	0.0359	4.57	6.59	1.98
ZH11LnSz7r14	0.0662	0.0439	1033.5	0.983	0.778	97.4	219.7	5000.0	1026.0	0.596	0.017	5.39	7.78	2.34
ZH11LnSz7r15	0.0784	0.033	846.7	0.980	0.758	76.9	165.1	5000.0	839.0	0.569	0.0205	5.11	7.37	2.22
Zh11HnCp6r1	0.197	0.014	649.9	0.940	0.657	27.4	70.1	5000.0	641.0	0.612	0.0603	4.25	6.13	1.85
Zh11HnCp6r2	0.165	0.0179	723.1	0.954	0.683	35.8	89.3	5000.0	717.0	0.589	0.046	4.49	6.48	1.95
Zh11HnCp6r3	0.181	0.0153	671.6	0.946	0.668	30.4	76.3	5000.0	659.0	0.617	0.0539	4.33	6.25	1.88
Zh11HnCp6r4	0.130	0.0238	857.8	0.967	0.709	49.7	119.2	5000.0	846.0	0.659	0.0329	4.78	6.90	2.08
Zh11HnCp6r5	0.196	0.0112	563.3	0.932	0.639	23.2	56.0	5000.0	544.0	0.628	0.0676	4.02	5.81	1.75
Zh11HnCp6r6	0.214	0.0109	588.2	0.929	0.629	22.2	54.5	5000.0	577.0	0.630	0.0712	4.00	5.77	1.74
Zh11HnCp6r7	0.149	0.0186	727.1	0.961	0.690	40.4	93.1	5000.0	714.0	0.631	0.0394	4.53	6.54	1.97
Zh11HnCp6r8	0.215	0.0126	639.5	0.930	0.643	23.5	62.9	5000.0	630.0	0.609	0.0703	4.14	5.98	1.80
Zh11HnCp6r9	0.206	0.0115	566.4	0.932	0.640	23.2	57.3	5000.0	561.0	0.548	0.0683	4.05	5.84	1.76
Zh11HnCp6r10	0.205	0.0131	658.2	0.936	0.646	25.5	65.3	5000.0	647.0	0.634	0.0641	4.18	6.03	1.82
Zh11HnCp6r11	0.150	0.0209	782.0	0.961	0.699	42.4	104.6	5000.0	772.0	0.613	0.0391	4.65	6.71	2.02
Zh11HnCp6r12	0.191	0.0147	619.6	0.942	0.671	29.0	73.6	5000.0	608.0	0.593	0.0578	4.30	6.20	1.87
Zh11HnCp6r13	0.154	0.0162	671.0	0.956	0.677	35.5	81.1	5000.0	660.0	0.623	0.044	4.40	6.34	1.91
Zh11HnCp6r14	0.183	0.0144	707.0	0.943	0.653	28.3	71.8	5000.0	696.0	0.633	0.0566	4.27	6.17	1.86
Zh11HnCp6r15	0.199	0.0132	650.1	0.938	0.648	26.0	65.8	5000.0	637.0	0.618	0.0623	4.19	6.04	1.82
Zh11HnCp6r16	0.200	0.0116	521.0	0.937	0.652	25.3	58.2	5000.0	508.0	0.591	0.0625	4.06	5.86	1.76
V3703HnCp6r1	0.196	0.00524	250.6	0.904	0.594	14.1	26.2	5000.0	243.0	0.447	0.0959	3.27	4.71	1.42
V3703HnCp6r2	0.160	0.00765	291.1	0.936	0.648	21.5	38.2	5000.0	276.0	0.477	0.0637	3.64	5.26	1.58
V3703HnCp6r4	0.202	0.00701	300.3	0.925	0.626	18.7	35.0	5000.0	294.0	0.495	0.0745	3.56	5.13	1.54
V3703HnCp6r5	0.197	0.00621	265.7	0.922	0.621	17.3	31.1	5000.0	254.0	0.475	0.0781	3.44	4.96	1.49
V3703HnCp6r6	0.195	0.00834	342.8	0.933	0.643	21.7	41.7	5000.0	332.0	0.532	0.0671	3.73	5.38	1.62
V3703HnCp6r7	0.197	0.00752	306.5	0.926	0.636	19.3	37.6	5000.0	300.0	0.478	0.0739	3.63	5.23	1.58
V3703HnCp6r8	0.179	0.00872	333.1	0.938	0.652	23.1	43.6	5000.0	328.0	0.486	0.0615	3.77	5.45	1.64
V3703HnCp6r9	0.234	0.00609	332.3	0.906	0.592	15.1	30.5	5000.0	322.0	0.548	0.0943	3.42	4.93	1.48
V3703HnCp6r10	0.143	0.00747	264.8	0.947	0.651	23.8	37.3	5000.0	259.0	0.485	0.0534	3.62	5.22	1.57
V3703HnCp6r11	0.142	0.0104	346.9	0.955	0.677	30.1	51.8	5000.0	340.0	0.510	0.0454	3.95	5.70	1.71
V3703HnCp6r12	0.206	0.00772	344.5	0.928	0.628	19.9	38.6	5000.0	337.0	0.538	0.0722	3.65	5.27	1.59
V3703HnCp6r13	0.256	0.00624	345.6	0.899	0.594	14.5	31.2	5000.0	328.0	0.559	0.101	3.44	4.96	1.49
V3703HnCp6r14	0.183	0.00595	269.9	0.922	0.609	16.9	29.7	5000.0	262.0	0.452	0.0781	3.39	4.89	1.47
V3703HnCp6r15	0.225	0.00663	300.2	0.916	0.617	17.1	33.1	5000.0	291.0	0.500	0.0837	3.50	5.05	1.52
ZH11LnCp6r1	0.211	0.0174	859.2	0.935	0.662	27.3	87.1	5000.0	849.0	0.636	0.0649	4.47	6.44	1.94
ZH11LnCp6r2	0.218	0.0163	850.2	0.932	0.653	25.8	81.4	5000.0	840.0	0.643	0.068	4.40	6.35	1.91
ZH11LnCp6r3	0.208	0.0147	737.0	0.935	0.653	25.9	73.5	5000.0	722.0	0.643	0.0653	4.30	6.20	1.87
ZH11LnCp6r4	0.196	0.0144	733.8	0.939	0.650	26.8	71.8	5000.0	720.0	0.648	0.0609	4.27	6.17	1.86
ZH11LnCp6r6	0.199	0.00448	366.4	0.886	0.529	11.3	22.4	5000.0	355.0	0.576	0.114	3.11	4.49	1.35
ZH11LnCp6r7	0.210	0.00484	350.8	0.895	0.547	12.5	24.2	5000.0	340.0	0.572	0.105	3.19	4.60	1.38
ZH11LnCp6r8	0.164	0.00765	490.9	0.925	0.591	18.2	38.3	5000.0	479.0	0.629	0.0749	3.64	5.26	1.58
ZH11LnCp6r9	0.170	0.00606	402.4	0.914	0.571	15.3	30.3	5000.0	394.0	0.582	0.0863	3.41	4.92	1.48
ZH11LnCp6r10	0.176	0.00562	392.4	0.912	0.561	14.7	28.1	5000.0	383.0	0.586	0.0883	3.34	4.81	1.45
ZH11LnCp6r11	0.246	0.00573	453.5	0.897	0.552	13.4	28.6	5000.0	436.0	0.650	0.103	3.35	4.84	1.46
ZH11LnCp6r12	0.170	0.00736	402.3	0.927	0.603	18.6	36.8	5000.0	395.0	0.568	0.0732	3.61	5.20	1.57
ZH11LnCp6r13	0.253	0.00561	411.4	0.896	0.558	13.3	28.1	5000.0	395.0	0.593	0.104	3.33	4.81	1.45
ZH11LnCp6r14	0.259	0.00414	374.6	0.876	0.516	10.5	20.7	5000.0	355.0	0.598	0.124	3.03	4.37	1.32
ZH11LnCp6r15	0.213	0.00735	450.3	0.914	0.592	16.5	36.7	5000.0	442.0	0.553	0.0864	3.60	5.20	1.57
V3703LnCp6r6	0.184	0.0081	331.9	0.938	0.641	22.3	40.5	5000.0	322.0	0.523	0.0621	3.70	5.34	1.61
V3703LnCp6r7	0.241	0.00631	347.3	0.906	0.592	15.1	31.6	5000.0	339.0	0.503	0.0939	3.45	4.98	1.50
V3703LnCp6r8	0.229	0.00735	407.5	0.915	0.602	17.2	36.8	5000.0	398.0	0.569	0.0845	3.60	5.20	1.57
V3703LnCp6r9	0.193	0.0085	357.1	0.934	0.641	21.6	42.5	5000.0	348.0	0.490	0.0664	3.75	5.41	1.63
V3703LnCp6r10	0.255	0.00644	333.3	0.905	0.600	15.4	32.2	5000.0	327.0	0.497	0.0951	3.47	5.01	1.51
V3703LnCp6r11	0.226	0.00632	330.4	0.913	0.597	16.0	31.6	5000.0	324.0	0.508	0.0867	3.45	4.98	1.50
V3703LnCp6r12	0.190	0.00847	403.7	0.932	0.627	21.1	42.4	5000.0	395.0	0.558	0.0676	3.75	5.40	1.63
V3703LnCp6r13	0.174	0.0079	342.4	0.936	0.633	21.2	39.5	5000.0	333.0	0.494	0.0643	3.68	5.30	1.60
V3703LnCp6r15	0.207	0.0091	395.1	0.932	0.641	21.8	45.5	5000.0	387.0	0.497	0.0682	3.82	5.51	1.66
V3703LnCp6r16	0.195	0.00761	386.2	0.928	0.614	19.4	38.1	5000.0	376.0	0.538	0.0721	3.64	5.25	1.58
IR24LnSz7r1	0.1	0.0269	821.5	0.970	0.731	54.8	134.3	5000.0	815.0	0.574	0.0305	4.90	7.07	2.13
IR24LnSz7r2	0.0734	0.0367	922.0	0.981	0.765	83.9	183.6	5000.0	914.0	0.596	0.0192	5.21	7.52	2.26
IR24LnSz7r3	0.105	0.0214	745.2	0.968	0.709	48.1	107.2	5000.0	733.0	0.627	0.0322	4.67	6.74	2.03
IR24LnSz7r4	0.0832	0.0372	929.3	0.978	0.766	78.3	186.1	5000.0	922.0	0.593	0.0221	5.23	7.54	2.27
IR24LnSz7r5	0.0664	0.0419	971.7	0.984	0.778	98.3	209.5	5000.0	963.0	0.613	0.0165	5.34	7.71	2.32
IR24LnSz7r6	0.0788	0.035	895.6	0.979	0.761	77.3	175.2	5000.0	889.0	0.573	0.0213	5.17	7.45	2.24
IR24LnSz7r7	0.0542	0.0431	904.8	0.985	0.790	106.7	215.3	5000.0	897.0	0.562	0.0148	5.37	7.75	2.33
IR24LnSz7r8	0.0744	0.0455	1012.8	0.983	0.785	100.7	227.7	5000.0	1004.0	0.585	0.0169	5.43	7.83	2.36
IR24LnSz7r9	0.0616	0.038	907.8	0.983	0.772	94.3	190.1	5000.0	896.0	0.618	0.0165	5.25	7.57	2.28
IR24LnSz7r10	0.0438	0.0519	942.3	0.990	0.812	143.8	259.5	5000.0	936.0	0.557	0.0103	5.56	8.02	2.41
IR24LnSz7r11	0.0448	0.0535	998.0	0.989	0.810	140.0	267.4	5000.0	989.0	0.579	0.011	5.59	8.06	2.43
IR24LnSz7r12	0.0894	0.0271	810.8	0.975	0.734	62.9	135.5	5000.0	800.0	0.615	0.0247	4.91	7.08	2.13
IR24LnSz7r13	0.078	0.0454	1012.5	0.984	0.785	106.6	227.2	5000.0	1002.0	0.618	0.0155	5.43	7.83	2.36
IR24LnSz7r14	0.097	0.0264	872.2	0.970	0.722	54.3	131.9	5000.0	863.0	0.619	0.03	4.88	7.04	2.12
IR24LnSz7r15	0.0972	0.0294	828.7	0.976	0.743	66.6	147.0	5000.0	823.0	0.574	0.0241	4.99	7.20	2.17
ZH11HnSzr1	0.0516	0.0418	962.2	0.985	0.779	104.0	208.8	5000.0	952.0	0.613	0.0146	5.34	7.71	2.32
ZH11HnSzr2	0.0662	0.0407	928.5	0.984	0.779	99.9	203.5	5000.0	922.0	0.583	0.0155	5.32	7.67	2.31
ZH11HnSzr3	0.0508	0.045	897.0	0.988	0.798	120.3	225.2	5000.0	891.0	0.548	0.0124	5.42	7.82	2.35
ZH11HnSzr4	0.0702	0.0555	1135.1	0.986	0.800	123.1	277.5	5000.0	1129.0	0.588	0.0141	5.63	8.12	2.44
ZH11HnSzr5	0.0582	0.0463	1014.0	0.986	0.787	110.8	231.4	5000.0	1006.0	0.589	0.0143	5.44	7.85	2.36
ZH11HnSzr6	0.045	0.0562	1016.3	0.990	0.815	151.5	280.8	5000.0	1006.0	0.586	0.0101	5.64	8.13	2.45
ZH11HnSz7r7	0.0592	0.0474	949.1	0.987	0.799	122.3	237.0	5000.0	941.0	0.574	0.0127	5.47	7.89	2.37
ZH11HnSz7r8	0.0508	0.0455	1000.0	0.987	0.787	114.4	227.6	5000.0	991.0	0.615	0.0133	5.43	7.83	2.36
ZH11HnSz7r9	0.0728	0.0387	939.0	0.982	0.770	90.8	193.6	5000.0	931.0	0.609	0.0179	5.27	7.60	2.29
ZH11HnSz7r10	0.0836	0.0391	915.3	0.982	0.775	90.0	195.5	5000.0	907.0	0.578	0.0183	5.28	7.61	2.29
ZH11HnSz7r11	0.0706	0.0575	1151.1	0.987	0.804	132.3	287.6	5000.0	1144.0	0.599	0.0128	5.66	8.17	2.46
ZH11HnSz7r12	0.075	0.0531	1043.7	0.986	0.804	123.7	265.3	5000.0	1037.0	0.573	0.0139	5.58	8.05	2.42
ZH11HnSz7r13	0.0638	0.0413	921.3	0.985	0.782	101.5	206.6	5000.0	914.0	0.588	0.0155	5.33	7.69	2.32
ZH11HnSz7r14	0.110	0.0222	860.8	0.960	0.698	41.6	111.1	5000.0	851.0	0.617	0.0397	4.71	6.80	2.05
ZH11HnSz7r15	0.0612	0.0528	1077.8	0.988	0.799	130.2	264.1	5000.0	1070.0	0.598	0.0121	5.58	8.04	2.42
IR24HnSz7r1	0.0698	0.0395	954.9	0.983	0.771	94.6	197.3	5000.0	947.0	0.608	0.0165	5.28	7.62	2.30
IR24HnSz7r2	0.0718	0.0417	969.8	0.985	0.777	103.3	208.4	5000.0	961.0	0.615	0.0151	5.34	7.70	2.32
IR24HnSz7r3	0.0608	0.0377	898.6	0.984	0.771	95.1	188.6	5000.0	892.0	0.586	0.0158	5.24	7.56	2.28
IR24HnSz7r4	0.0584	0.04	1010.8	0.984	0.767	94.5	200.1	5000.0	1000.0	0.632	0.0163	5.30	7.64	2.30
IR24HnSz7r5	0.0928	0.03	877.0	0.977	0.741	68.8	149.9	5000.0	866.0	0.633	0.0228	5.01	7.23	2.18
IR24HnSz7r6	0.0468	0.0587	1130.2	0.989	0.809	143.3	293.5	5000.0	1125.0	0.569	0.0111	5.68	8.20	2.47
IR24HnSz7r7	0.0806	0.0338	902.4	0.979	0.755	77.2	168.9	5000.0	896.0	0.596	0.0208	5.13	7.40	2.23
IR24HnSz7r8	0.047	0.0578	1174.9	0.989	0.802	139.4	289.1	5000.0	1168.0	0.615	0.0113	5.67	8.18	2.46
IR24HnSz7r9	0.0746	0.0401	928.0	0.984	0.777	99.0	200.4	5000.0	919.0	0.596	0.0158	5.30	7.65	2.30
IR24HnSz7r10	0.0994	0.0527	1183.9	0.983	0.789	107.4	263.5	5000.0	1175.0	0.620	0.0173	5.57	8.04	2.42
IR24HnSz7r11	0.0338	0.0605	1054.0	0.991	0.821	165.2	302.6	5000.0	1048.0	0.566	0.00905	5.71	8.24	2.48
IR24HnSz7r12	0.0652	0.0592	1215.2	0.987	0.802	131.3	296.0	5000.0	1208.0	0.615	0.0131	5.69	8.21	2.47
IR24HnSz7r13	0.0496	0.0526	1059.0	0.989	0.801	138.0	262.9	5000.0	1051.0	0.610	0.0109	5.57	8.04	2.42
IR24HnSz7r14	0.029	0.0738	1211.2	0.993	0.833	202.4	369.1	5000.0	1203.0	0.601	0.00742	5.91	8.53	2.57
IR24HnSz7r15	0.0538	0.0484	1081.1	0.987	0.787	117.7	242.2	5000.0	1070.0	0.638	0.0133	5.49	7.92	2.38
IR24HnSz7r16	0.071	0.0295	802.3	0.980	0.748	74.8	147.3	5000.0	795.0	0.590	0.0197	4.99	7.20	2.17
IR24HnSz7r17	0.0988	0.0347	915.9	0.980	0.757	80.7	173.4	5000.0	907.0	0.621	0.0201	5.16	7.44	2.24
ZH11LnCp7r1	0.123	0.0163	626.3	0.952	0.685	33.0	81.5	5000.0	618.0	0.535	0.0478	4.40	6.35	1.91
ZH11LnCp7r2	0.155	0.0176	712.1	0.955	0.683	35.7	87.9	5000.0	704.0	0.589	0.0449	4.48	6.46	1.94
ZH11LnCp7r3	0.123	0.0152	627.1	0.954	0.674	33.1	76.2	5000.0	620.0	0.564	0.0459	4.33	6.25	1.88
ZH11LnCp7r4	0.160	0.0133	620.4	0.945	0.654	27.9	66.6	5000.0	614.0	0.576	0.0551	4.20	6.06	1.82
ZH11LnCp7r5	0.158	0.0226	765.6	0.959	0.713	42.7	113.0	5000.0	759.0	0.554	0.041	4.73	6.82	2.05
ZH11LnCp7r6	0.147	0.021	850.6	0.957	0.691	38.7	104.8	5000.0	840.0	0.624	0.0429	4.65	6.71	2.02
ZH11LnCp7r7	0.109	0.028	787.2	0.976	0.742	65.8	139.9	5000.0	779.0	0.588	0.0243	4.94	7.13	2.15
ZH11LnCp7r8	0.0892	0.0397	870.0	0.981	0.783	90.1	198.5	5000.0	862.0	0.542	0.019	5.29	7.63	2.30
ZH11LnCp7r9	0.129	0.0161	666.0	0.957	0.676	35.1	80.4	5000.0	656.0	0.586	0.0431	4.39	6.33	1.91
ZH11LnCp7r10	0.131	0.016	662.7	0.954	0.675	33.9	79.8	5000.0	654.0	0.600	0.0463	4.38	6.32	1.90
ZH11LnCp7r11	0.123	0.0211	722.8	0.965	0.709	45.9	105.6	5000.0	715.0	0.587	0.0347	4.66	6.72	2.02
ZH11LnCp7r12	0.129	0.0189	712.0	0.962	0.694	41.4	94.4	5000.0	701.0	0.607	0.0376	4.55	6.56	1.97
ZH11LnCp7r13	0.113	0.0229	721.4	0.967	0.722	49.4	114.7	5000.0	714.0	0.544	0.0325	4.74	6.84	2.06
ZH11LnCp7r14	0.146	0.0185	693.8	0.959	0.694	39.2	92.3	5000.0	681.0	0.594	0.0409	4.53	6.53	1.97
ZH11LnCp7r15	0.160	0.0187	760.4	0.954	0.686	36.0	93.7	5000.0	752.0	0.603	0.0461	4.54	6.55	1.97
ZH11LnCp7r16	0.0354	0.0715	1046.1	0.993	0.846	212.4	357.6	5000.0	1040.0	0.538	0.00697	5.88	8.48	2.55
ZH11LnCp7r17	0.089	0.0309	838.0	0.977	0.750	68.7	154.5	5000.0	832.0	0.557	0.0234	5.04	7.27	2.19
A50Cp1r1	0.0612	0.0509	997.9	0.987	0.803	124.5	254.3	5000.0	991.0	0.560	0.0131	5.54	7.99	2.41
A50Cp1r2	0.0464	0.0472	886.3	0.989	0.806	135.2	236.2	5000.0	878.0	0.576	0.0107	5.46	7.88	2.37
A50Cp1r3	0.0566	0.0509	957.4	0.989	0.808	137.3	254.3	5000.0	948.0	0.586	0.0111	5.54	7.99	2.41
A50Cp1r4	0.0616	0.0769	1216.7	0.991	0.838	195.9	384.4	5000.0	1210.0	0.578	0.00876	5.95	8.59	2.58
A50Cp1r5	0.049	0.056	1080.1	0.989	0.808	139.5	280.2	5000.0	1072.0	0.576	0.0113	5.64	8.13	2.45
A50Cp1r6	0.075	0.0495	1058.1	0.985	0.792	114.0	247.5	5000.0	1048.0	0.604	0.0147	5.51	7.95	2.39
A50Cp2r1	0.0304	0.0938	1308.3	0.994	0.858	261.8	468.9	5000.0	1299.0	0.584	0.006	6.15	8.87	2.67
A50Cp2r2	0.0484	0.0824	1243.1	0.993	0.846	219.0	412.0	5000.0	1237.0	0.568	0.00746	6.02	8.69	2.61
A50Cp2r3	0.0638	0.0434	912.0	0.985	0.790	108.5	217.2	5000.0	906.0	0.551	0.0145	5.38	7.76	2.34
A50Cp2r4	0.0506	0.0603	1043.5	0.990	0.822	156.8	301.7	5000.0	1039.0	0.530	0.0101	5.71	8.24	2.48
A50Cp2r5	0.0746	0.0376	839.4	0.983	0.778	93.0	187.9	5000.0	834.0	0.545	0.0169	5.24	7.55	2.27
A50Cp2r6	0.055	0.0592	1056.6	0.989	0.818	146.6	296.1	5000.0	1049.0	0.562	0.0113	5.69	8.21	2.47
A50Cp3r1	0.0326	0.0653	1079.7	0.992	0.830	184.6	326.5	5000.0	1073.0	0.571	0.00797	5.79	8.35	2.51
A50Cp3r2	0.05	0.0638	1053.1	0.990	0.829	168.5	319.0	5000.0	1046.0	0.549	0.00953	5.77	8.32	2.50
A50Cp3r3	0.0366	0.0689	1059.4	0.992	0.839	196.9	344.5	5000.0	1053.0	0.541	0.00766	5.84	8.43	2.54
A50Cp3r4	0.0324	0.0588	1014.0	0.991	0.822	166.0	294.2	5000.0	1007.0	0.560	0.00879	5.68	8.20	2.47
A50Cp3r5	0.0386	0.073	1112.1	0.992	0.842	204.4	365.1	5000.0	1103.0	0.568	0.00762	5.90	8.51	2.56
A50Cp3r6	0.0346	0.0602	1029.7	0.991	0.824	167.4	301.2	5000.0	1023.0	0.562	0.00892	5.71	8.23	2.48
A50Cp7r1	0.0528	0.0694	1000.1	0.992	0.848	196.9	347.0	5000.0	994.0	0.511	0.00813	5.85	8.44	2.54
A50Cp7r2	0.0642	0.0534	1062.9	0.987	0.802	125.8	267.0	5000.0	1057.0	0.561	0.0132	5.59	8.06	2.43
A50Cp7r3	0.0358	0.0673	1085.2	0.991	0.833	181.6	336.7	5000.0	1079.0	0.539	0.00854	5.82	8.40	2.53
A50Cp7r4	0.0536	0.067	1127.2	0.990	0.828	163.0	335.0	5000.0	1121.0	0.549	0.0104	5.81	8.39	2.53
A50Cp7r5	0.0424	0.0612	1040.4	0.990	0.825	162.1	306.1	5000.0	1034.0	0.551	0.00977	5.72	8.26	2.49
A50Cp7r6	0.0628	0.035	873.8	0.981	0.763	80.7	175.0	5000.0	868.0	0.545	0.0193	5.16	7.45	2.24
A50Cp10r1	0.0926	0.0403	990.7	0.977	0.770	78.7	201.5	5000.0	983.0	0.578	0.0233	5.31	7.65	2.30
A50Cp10r2	0.0908	0.0446	994.4	0.981	0.784	91.8	222.9	5000.0	989.0	0.541	0.0195	5.41	7.80	2.35
A50Cp10r3	0.0702	0.044	1007.4	0.981	0.781	93.0	220.1	5000.0	1002.0	0.555	0.0186	5.39	7.78	2.34
A50Cp10r4	0.0698	0.0481	972.6	0.986	0.798	117.9	240.4	5000.0	966.0	0.555	0.0138	5.48	7.91	2.38
A50Cp10r5	0.0706	0.0549	1072.2	0.988	0.805	133.1	274.4	5000.0	1066.0	0.573	0.0124	5.61	8.10	2.44
A50Cp14r1	0.0564	0.0464	963.2	0.984	0.794	104.8	232.2	5000.0	958.0	0.530	0.016	5.45	7.86	2.37
A50Cp14r2	0.160	0.0294	872.5	0.962	0.738	50.6	146.9	5000.0	867.0	0.537	0.0381	4.99	7.20	2.17
A50Cp14r3	0.161	0.0227	733.6	0.959	0.718	43.3	113.7	5000.0	730.0	0.517	0.0414	4.73	6.83	2.06
A50Cp14r4	0.056	0.044	868.2	0.986	0.798	111.7	219.9	5000.0	862.0	0.518	0.0141	5.39	7.78	2.34
A50Cp14r5	0.0712	0.0579	1081.7	0.987	0.812	135.7	289.3	5000.0	1076.0	0.545	0.0126	5.67	8.18	2.46
A50Cp14r6	0.0636	0.0343	820.3	0.982	0.768	83.8	171.4	5000.0	814.0	0.531	0.0182	5.14	7.42	2.23
A50Cp21r1	0.0544	0.0527	1054.2	0.988	0.802	129.3	263.7	5000.0	1047.0	0.567	0.0122	5.57	8.04	2.42
A50Cp21r2	0.131	0.0337	1070.9	0.969	0.735	58.8	168.4	5000.0	1064.0	0.623	0.0311	5.13	7.40	2.23
A50Cp21r3	0.139	0.0174	846.8	0.951	0.663	32.6	87.1	5000.0	839.0	0.630	0.0488	4.47	6.44	1.94
A50Cp21r4	0.0816	0.0522	1028.9	0.985	0.803	118.9	261.1	5000.0	1020.0	0.570	0.0149	5.57	8.03	2.42
A50Cp21r5	0.0736	0.0402	931.5	0.983	0.777	95.1	201.2	5000.0	924.0	0.578	0.0168	5.30	7.65	2.30
A50Cp21r6	0.0922	0.0397	900.8	0.981	0.779	90.7	198.6	5000.0	895.0	0.551	0.0189	5.29	7.63	2.30
A50Cp28r1	0.0468	0.0545	976.0	0.990	0.816	153.3	272.5	5000.0	969.0	0.569	0.0096	5.61	8.09	2.44
A50Cp28r2	0.0512	0.0642	1192.5	0.990	0.815	156.4	320.9	5000.0	1187.0	0.590	0.0104	5.77	8.33	2.51
A50Cp28r4	0.0442	0.0479	945.0	0.989	0.800	130.6	239.5	5000.0	940.0	0.545	0.0111	5.48	7.90	2.38
A50Cp28r5	0.0444	0.0533	1021.1	0.989	0.807	138.7	266.3	5000.0	1014.0	0.562	0.0109	5.58	8.06	2.43
A50Cp28r6	0.0724	0.0493	990.8	0.986	0.799	120.5	246.6	5000.0	983.0	0.573	0.0136	5.51	7.95	2.39
A50Cp35r1	0.109	0.0327	822.9	0.977	0.760	72.2	163.3	5000.0	818.0	0.532	0.0235	5.10	7.35	2.21
A50Cp35r2	0.0618	0.0379	862.7	0.985	0.777	98.6	189.5	5000.0	856.0	0.580	0.0152	5.24	7.57	2.28
A50Cp35r3	0.0408	0.043	861.0	0.988	0.795	120.3	214.8	5000.0	854.0	0.549	0.0118	5.37	7.75	2.33
A50Cp35r4	0.0888	0.0524	1008.1	0.986	0.806	124.9	261.8	5000.0	1003.0	0.548	0.0141	5.57	8.03	2.42
A50Cp35r5	0.031	0.0597	1043.4	0.991	0.821	166.6	298.6	5000.0	1036.0	0.560	0.00868	5.70	8.22	2.48
A50Cp35r6	0.0648	0.0468	963.7	0.986	0.795	114.1	234.0	5000.0	956.0	0.562	0.0142	5.46	7.87	2.37
A50Cp42r1	0.0336	0.0554	963.4	0.991	0.820	161.1	277.2	5000.0	952.0	0.580	0.00888	5.62	8.11	2.44
A50Cp42r2	0.0668	0.0417	899.8	0.986	0.786	110.2	208.5	5000.0	891.0	0.589	0.0137	5.34	7.70	2.32
A50Cp42r3	0.0606	0.0457	993.8	0.986	0.788	111.5	228.6	5000.0	985.0	0.613	0.0143	5.43	7.84	2.36
A50Cp42r4	0.0468	0.0459	951.2	0.988	0.793	120.9	229.4	5000.0	944.0	0.587	0.0124	5.44	7.84	2.36
A50Cp42r5	0.029	0.054	967.7	0.991	0.815	156.6	270.0	5000.0	962.0	0.561	0.00896	5.60	8.08	2.43
A50Cp42r6	0.0552	0.0369	789.2	0.985	0.783	99.9	184.6	5000.0	784.0	0.536	0.0148	5.22	7.53	2.27
A50Cp49r1	0.0276	0.0566	961.9	0.991	0.823	163.4	283.1	5000.0	956.0	0.530	0.00869	5.65	8.15	2.45
A50Cp49r2	0.0506	0.0536	989.4	0.990	0.811	145.7	268.0	5000.0	982.0	0.571	0.0103	5.59	8.07	2.43
A50Cp49r3	0.0382	0.061	1064.7	0.991	0.821	165.3	305.0	5000.0	1058.0	0.573	0.00911	5.72	8.25	2.48
A50Cp49r4	0.0272	0.0702	1088.1	0.993	0.839	209.4	351.1	5000.0	1083.0	0.554	0.00675	5.86	8.46	2.55
A50Cp49r5	0.0472	0.0658	1120.6	0.991	0.826	171.4	328.9	5000.0	1115.0	0.560	0.00925	5.80	8.36	2.52
A50Cp49r6	0.0282	0.0686	1108.8	0.993	0.833	197.1	343.1	5000.0	1103.0	0.569	0.00734	5.84	8.42	2.54
A50Cp63r1	0.267	0.0135	679.4	0.910	0.648	20.4	67.7	5000.0	669.0	0.593	0.0899	4.22	6.08	1.83
A50Cp63r2	0.06	0.0394	869.1	0.985	0.782	101.0	196.8	5000.0	861.0	0.574	0.0151	5.28	7.62	2.29
A50Cp63r3	0.125	0.0274	811.4	0.972	0.736	59.6	137.2	5000.0	801.0	0.597	0.0281	4.92	7.10	2.14
A50Cp63r4	0.0794	0.0455	917.1	0.985	0.796	111.2	227.4	5000.0	910.0	0.555	0.015	5.43	7.83	2.36
A50Cp63r5	0.109	0.0328	881.0	0.973	0.753	65.2	163.8	5000.0	873.0	0.559	0.0273	5.10	7.36	2.21
A50Cp63r6	0.103	0.0369	883.8	0.978	0.770	81.6	184.3	5000.0	875.0	0.590	0.0215	5.22	7.53	2.27
A50Cp70r1	0.0552	0.0369	814.0	0.985	0.780	99.0	184.6	5000.0	806.0	0.574	0.015	5.22	7.53	2.27
A50Cp70r2	0.0662	0.0473	899.5	0.987	0.805	124.2	236.4	5000.0	892.0	0.555	0.0129	5.47	7.89	2.37
A50Cp70r3	0.048	0.0466	867.0	0.989	0.807	133.6	233.0	5000.0	859.0	0.557	0.0108	5.45	7.86	2.37
A50Cp70r4	0.0982	0.0439	933.9	0.983	0.790	103.8	219.3	5000.0	923.0	0.587	0.0168	5.39	7.78	2.34
A50Cp70r5	0.0594	0.0433	832.9	0.988	0.801	123.5	216.4	5000.0	825.0	0.569	0.0119	5.38	7.76	2.34
A50Cp70r6	0.055	0.0478	878.5	0.989	0.809	137.9	239.0	5000.0	869.0	0.566	0.0106	5.48	7.90	2.38
A50Cp77r1	0.0594	0.047	998.5	0.987	0.791	117.8	234.9	5000.0	991.0	0.598	0.0133	5.46	7.88	2.37
A50Cp77r2	0.0574	0.0796	1286.0	0.990	0.837	184.1	398.0	5000.0	1281.0	0.553	0.00979	5.99	8.64	2.60
A50Cp77r3	0.0634	0.0642	1100.0	0.990	0.825	163.6	320.9	5000.0	1093.0	0.566	0.0102	5.77	8.33	2.51
A50Cp77r4	0.0378	0.0545	955.2	0.991	0.818	159.4	272.6	5000.0	947.0	0.572	0.00891	5.61	8.09	2.44
A50Cp77r5	0.061	0.0508	976.4	0.989	0.805	134.8	254.0	5000.0	969.0	0.575	0.0114	5.54	7.99	2.40
A50Cp77r6	0.0634	0.0581	1093.9	0.989	0.811	143.5	290.7	5000.0	1087.0	0.582	0.0115	5.67	8.18	2.46
A50Cp84r1	0.0374	0.051	963.2	0.990	0.808	142.7	255.1	5000.0	954.0	0.579	0.0101	5.54	7.99	2.41
A50Cp84r2	0.0986	0.0328	744.9	0.980	0.773	82.3	164.0	5000.0	734.0	0.554	0.0196	5.10	7.36	2.21
A50Cp84r3	0.124	0.0296	759.9	0.975	0.755	67.4	148.1	5000.0	751.0	0.556	0.0254	5.00	7.21	2.17
A50Cp84r4	0.0518	0.0641	1101.4	0.990	0.824	165.1	320.5	5000.0	1095.0	0.568	0.0098	5.77	8.32	2.51
A50Cp84r5	0.0658	0.0374	839.0	0.984	0.778	97.0	187.0	5000.0	831.0	0.588	0.0157	5.23	7.55	2.27
A50Cp84r6	0.0684	0.0447	884.8	0.987	0.798	119.2	223.7	5000.0	878.0	0.556	0.013	5.41	7.81	2.35
A50Cp91r1	0.0674	0.0641	1189.8	0.989	0.816	151.6	320.5	5000.0	1182.0	0.601	0.0113	5.77	8.32	2.51
A50Cp91r2	0.054	0.0581	1146.7	0.988	0.806	141.2	290.7	5000.0	1138.0	0.618	0.0115	5.67	8.18	2.46
A50Cp91r3	0.0514	0.0691	1124.5	0.991	0.833	181.5	345.4	5000.0	1119.0	0.547	0.00883	5.84	8.43	2.54
A50Cp91r4	0.0494	0.0546	969.4	0.990	0.817	151.4	273.0	5000.0	962.0	0.559	0.00992	5.61	8.09	2.44
A50Cp91r5	0.084	0.0394	919.1	0.981	0.775	87.4	196.8	5000.0	912.0	0.577	0.0195	5.28	7.62	2.29
A50Cp91r6	0.128	0.033	852.6	0.974	0.758	69.9	164.9	5000.0	844.0	0.593	0.026	5.11	7.37	2.22
A50Cp98r1	0.0434	0.0364	767.7	0.986	0.784	102.9	182.2	5000.0	762.0	0.537	0.0138	5.21	7.51	2.26
A50Cp98r2	0.074	0.0452	876.5	0.987	0.801	119.2	225.9	5000.0	868.0	0.555	0.0133	5.42	7.82	2.35
A50Cp98r3	0.0466	0.0408	819.0	0.988	0.794	117.0	203.9	5000.0	810.0	0.575	0.0122	5.32	7.67	2.31
A50Cp98r4	0.0502	0.0587	944.8	0.991	0.831	170.1	293.7	5000.0	936.0	0.538	0.00876	5.68	8.20	2.47
A50Cp98r5	0.056	0.0373	750.7	0.986	0.791	104.1	186.4	5000.0	744.0	0.529	0.0141	5.23	7.54	2.27
A50Cp98r6	0.0782	0.0408	857.5	0.985	0.788	103.7	204.0	5000.0	852.0	0.547	0.0154	5.32	7.67	2.31
A50Cp112r1	0.0532	0.0583	929.5	0.991	0.831	168.4	291.6	5000.0	924.0	0.515	0.00895	5.68	8.19	2.46
A50Cp112r2	0.0466	0.0601	997.1	0.991	0.827	172.6	300.6	5000.0	990.0	0.564	0.00855	5.71	8.23	2.48
A50Cp112r3	0.0354	0.06	943.0	0.992	0.834	180.1	300.0	5000.0	937.0	0.529	0.00793	5.70	8.23	2.48
A50Cp112r4	0.0542	0.0462	941.1	0.987	0.796	120.7	230.8	5000.0	932.0	0.585	0.0126	5.44	7.85	2.36
A50Cp112r5	0.0398	0.0459	914.0	0.989	0.798	127.6	229.4	5000.0	906.0	0.585	0.0113	5.44	7.84	2.36
A50Cp112r6	0.056	0.0483	921.4	0.988	0.805	125.7	241.7	5000.0	915.0	0.541	0.0124	5.49	7.92	2.38
A50Cp119r1	0.0394	0.0479	857.7	0.990	0.812	138.0	239.4	5000.0	852.0	0.519	0.0104	5.48	7.90	2.38
A50Cp119r2	0.0804	0.0398	853.3	0.985	0.785	102.0	198.8	5000.0	846.0	0.561	0.0155	5.29	7.64	2.30
A50Cp119r3	0.0486	0.0451	904.9	0.988	0.797	120.7	225.5	5000.0	898.0	0.567	0.0124	5.42	7.82	2.35
A50Cp119r4	0.0404	0.0507	893.7	0.991	0.816	150.6	253.3	5000.0	886.0	0.563	0.00932	5.53	7.98	2.40
A50Cp119r5	0.0568	0.0475	887.1	0.989	0.807	130.7	237.3	5000.0	881.0	0.542	0.0115	5.47	7.89	2.38
A50Cp119r6	0.064	0.0408	775.8	0.987	0.800	114.8	204.0	5000.0	771.0	0.512	0.0129	5.32	7.67	2.31
