shannon_e
	diff	lwr	upr	p adj
HTEJ-LTEJ	0.767004629629629	0.546277408661746	0.987731850597513	5.06457653592918e-10
LIND-LTEJ	0.897126243781095	0.712011675691965	1.08224081187022	5.06403363687014e-10
HIND-LTEJ	1.17150435323383	0.986389785144702	1.35661892132296	5.06403363687014e-10
HSoil1-LTEJ	2.57070833333333	2.13720867703795	3.00420798962872	5.06403363687014e-10
LSoil1-LTEJ	2.67070833333333	2.23720867703795	3.10420798962872	5.06403363687014e-10
LIND-HTEJ	0.130121614151466	-0.054173777760113	0.314417006063044	0.332816492852246
HIND-HTEJ	0.404499723604202	0.220204331692623	0.58879511551578	1.07113965475136e-08
HSoil1-HTEJ	1.8037037037037	1.37055322157395	2.23685418583346	5.06403918798526e-10
LSoil1-HTEJ	1.9037037037037	1.47055322157395	2.33685418583346	5.06403363687014e-10
HIND-LIND	0.274378109452736	0.134693862944898	0.414062355960575	4.52207272738647e-07
HSoil1-LIND	1.67358208955224	1.25744961375654	2.08971456534794	5.06412023426606e-10
LSoil1-LIND	1.77358208955224	1.35744961375654	2.18971456534794	5.06403363687014e-10
HSoil1-HIND	1.3992039800995	0.983071504303806	1.8153364558952	5.06462205507319e-10
LSoil1-HIND	1.4992039800995	1.08307150430381	1.9153364558952	5.06458874838245e-10
LSoil1-HSoil1	0.0999999999999996	-0.471682417169926	0.671682417169925	0.996161480743179
