Supplementary Table 4: Differential phylum and class of Proteobacteria between indica and japonica.																																																																																																																																																																																																																																																																																																	
A. Mean relative abundance of each group																																																																																																																																																																																																																																																																																																	
	Field I			Field II			Field A				Field B																																																																																																																																																																																																																																																																																						
Taxonomy	japonica	indica	soil	japonica	indica	soil	nrt1.1b	ZH11	Nipponbare NRT1.1B - japonica	Nipponbare NRT1.1B - indica	nrt1.1b	ZH11	Nipponbare NRT1.1B - japonica	Nipponbare NRT1.1B - indica																																																																																																																																																																																																																																																																																			
Betaproteobacteria	58.82914	48.47187	13.10295	53.68246	45.93957	14.23119	1.09001	6.91484	21.43966	24.20547	1.14472	1.67552	26.32436	25.97991																																																																																																																																																																																																																																																																																			
Firmicutes	5.4635	5.70843	8.06789	7.63172	7.3946	6.854	52.82806	53.57266	13.00276	6.20147	43.65518	46.56501	5.22813	2.98282																																																																																																																																																																																																																																																																																			
Deltaproteobacteria	5.7658	11.3628	14.44702	6.55538	10.73863	14.03212	0.46507	6.63271	29.16232	39.1036	0.78923	1.23004	25.3231	26.6264																																																																																																																																																																																																																																																																																			
Gammaproteobacteria	2.92634	2.54177	2.54612	3.02998	3.30858	2.53668	17.10082	8.39584	11.6215	9.99965	28.30999	26.80465	15.86546	10.71802																																																																																																																																																																																																																																																																																			
Actinobacteria	5.17982	8.99862	19.25025	7.38086	9.14945	18.72445	4.77842	8.97893	7.39146	5.14782	5.48476	5.61169	8.11043	8.94607																																																																																																																																																																																																																																																																																			
Alphaproteobacteria	11.54394	8.98045	7.97471	11.20988	8.73354	7.581	2.5406	6.07433	8.57821	6.30166	4.80103	3.27861	7.52046	10.61318																																																																																																																																																																																																																																																																																			
Bacteroidetes	2.34509	4.01297	1.01936	2.5707	3.68712	0.88011	17.35021	6.59149	6.03935	5.23094	13.49661	8.49094	5.17444	5.01987																																																																																																																																																																																																																																																																																			
Chloroflexi	0.58511	1.32655	13.05566	0.95122	1.28573	12.50635	0.02019	0.46059	0.34962	0.43148	0.0203	0.07128	0.6571	0.76351																																																																																																																																																																																																																																																																																			
Acidobacteria	0.68027	1.59539	9.24592	1.1353	1.55646	9.99238	0	0.03077	0.16417	0.20442	0	0	0.38984	0.24754																																																																																																																																																																																																																																																																																			
Spirochaetes	0.86408	1.45969	0.49083	1.08441	1.5768	0.28326	0	0.02037	1.40205	2.04324	0	0	1.3164	1.09169																																																																																																																																																																																																																																																																																			
Nitrospirae	0.12428	0.31424	1.53329	0.16624	0.29168	2.38178	0	0.06089	0.45196	0.34403	0	0.02029	0.55164	0.81852																																																																																																																																																																																																																																																																																			
Verrucomicrobia	0.06183	0.24564	2.51588	0.14464	0.22935	2.61094	0	0	0.16535	0.16325	0	0	0.24531	0.1635																																																																																																																																																																																																																																																																																			
Ignavibacteriae	0.21753	0.45184	1.92101	0.20567	0.31151	1.40357	0	0.02031	0.37154	0.32806	0	0.02034	0.49149	0.28556																																																																																																																																																																																																																																																																																			
Planctomycetes	0.04069	0.08294	1.10236	0.08282	0.10036	1.09371	0	0	0.02053	0.0405	0	0	0.02066	0																																																																																																																																																																																																																																																																																			
Armatimonadetes	0.02057	0.06247	0.59968	0.04159	0.06208	0.5888	0	0	0	0	0	0	0	0																																																																																																																																																																																																																																																																																			
Deinococcus_Thermus	0	0	0	0.02069	0.02062	0	0.30251	0.45693	0	0.0202	0.10099	0.25602	0.06148	0.02063																																																																																																																																																																																																																																																																																			
Latescibacteria	0	0	0.20901	0	0	0.32409	0	0	0	0	0	0	0	0																																																																																																																																																																																																																																																																																			
Poribacteria	0	0.0206	0.12538	0.02043	0.02075	0.32287	0	0	0	0	0	0	0	0																																																																																																																																																																																																																																																																																			
																																																																																																																																																																																																																																																																																																	
B. indica vs japoinca in filed I																																																																																																																																																																																																																																																																																																	
Taxonomy	logFC	logCPM	PValue	FDR	level	MeanA	MeanB	E4041La	E4041Ld	E4041Lf	E4047La	E4047Lb	E4047Lf	E4048Lb	E4048Ld	E4048Le	E4050Lb	E4050Lc	E4050Le	F4054La	F4054Ld	F4054Lf	F4055Lb	F4055Le	F4055Lf	F4060Lb	F4060Lc	F4060Ld	H4074Lc	H4074Le	H4074Lf	J4088Lb	J4088Lc	J4088Le	P4140Lb	P4140Ld	P4140Le	Q4145La	Q4145Lc	Q4145Lf	G4061La	G4061Lb	W4195Lb	W4195Le	W4195Lf	W4196La	W4196Ld	W4196Lf	W4197La	W4197Ld	W4197Le	X4204La	X4204Ld	X4204Lf	A4002Lb	A4002Le	A4002Lf	A4010Lb	A4010Ld	A4010Le	E4044Lb	E4044Ld	E4044Lf	G4065La	G4065Lb	G4065Lc	H4079Lc	H4079Le	H4079Lf	L4110Lb	L4110Lc	L4110Lf	X4210Lc	X4210Ld	X4210Lf	B4014La	B4014Lb	B4014Lc	B4018Lb	B4018Lc	B4018Ld	B4019Lb	B4019Lc	B4019Ld	D4034Ld	D4034Le	D4034Lf	D4037La	D4037Lb	D4037Lc	E4043La	E4043Lb	E4043Le	E4045La	E4045Lb	E4045Le	E4049La	E4049Lc	E4049Lf	F4056La	F4056Lc	F4056Lf	G4062Lb	G4062Lc	G4062Le	G4066La	G4066Lb	G4066Lc	H4076Lb	H4076Ld	H4076Le	H4080Lc	H4080Ld	H4080Lf	K4093La	K4093Lc	K4093Le	K4096Lc	K4096Ld	K4096Le	L4105La	L4105Lb	L4105Lc	M4112La	M4112Lb	M4112Lf	M4113La	M4113Lb	M4113Ld	M4114La	M4114Lb	M4114Lf	M4115La	M4115Ld	M4115Lf	M4117La	M4117Ld	M4117Lf	M4118La	M4118Lb	M4118Lc	M4119Lc	M4119Ld	M4119Le	M4120Lb	M4120Le	M4120Lf	N4121La	N4121Ld	N4121Lf	N4126Lb	N4126Ld	N4126Le	N4127La	N4127Lb	N4127Lc	N4130La	N4130Lb	N4130Le	P4135Lc	P4135Ld	P4135Lf	Q4141La	S4168Lc	S4168Ld	S4168Lf	W4194La	W4194Lb	W4194Le	W4200La	W4200Lc	W4200Lf	X4203La	X4203Lb	X4203Lc	X4205Lc	X4205Ld	X4205Lf	Y4215Lb	Y4215Le	Y4215Lf	D4040La	D4040Lc	D4040Le	F4057Lb	F4057Lc	F4057Lf	J4087Lc	J4087Ld	J4087Lf	Q4142La	Q4142Lb	Q4142Ld	Q4143La	Q4143Lc	Q4143Ld	Q4144La	Q4144Lb	Q4144Le	Q4146La	Q4146Lb	Q4146Le	R4154La	R4154Lb	R4154Lf	S4165Lb	S4165Ld	S4165Lf	B4017La	B4017Lb	B4017Le	H4071La	H4071Lb	H4071Lc	J4083La	J4083Ld	J4083Lf	J4089La	J4089Lb	J4089Le	J4090La	J4090Ld	J4090Le	K4091Lb	K4091Ld	K4091Lf	N4123Lb	N4123Ld	N4123Le	P4139Lc	P4139Ld	P4139Le	Q4147Lb	Q4147Le	Q4147Lf	Q4148La	Q4148Le	Q4148Lf	Q4149Lb	Q4149Ld	Q4149Le	T4177La	T4177Le	T4177Lf	T4179Lb	T4179Ld	T4179Le	Y4211La	Y4211Lc	Y4211Le	B4020La	B4020Ld	B4020Lf	C4021Lc	C4021Le	C4021Lf	C4022Lb	C4022Ld	C4022Le	C4027Lb	C4027Ld	C4027Le	L4101Lc	L4101Ld	L4101Lf	L4103La	L4103Lb	L4103Ld	L4108Lb	L4108Lc	L4108Lf	Y4216Lb	Y4216Ld	Y4216Le	B4012Lb	B4012Ld	B4012Le	C4025Lb	C4025Ld	C4025Le	H4075Lb	H4075Ld	H4075Lf	K4094La	K4094Lb	S4167La	S4167Ld	S4167Lf	
Actinobacteria	0.795	18.069	2.40E-18	6.18E-18	Enriched	9.504	5.479	12.279	6.621	17.47	8.651	11.526	16.172	8.113	6.614	7.344	3.734	10.653	6.66	6.671	5.732	23.956	3.834	3.951	3.538	12.063	9.169	11.504	11.88	7.015	11.255	16.831	9.565	6.402	9.193	12.393	10.452	9.247	10.934	7.539	17.802	12.812	6.058	6.626	5.32	3.191	7.109	3.816	1.985	3.649	2.64	4.621	3.485	4.676	5.499	6.554	6.912	7.495	10.638	9.849	4.793	4.411	6.366	7.483	4.462	4.568	6.061	9.987	9.458	6.811	13.254	11.36	8.559	6.335	8.722	12.78	7.591	9.263	13.324	15.913	9.868	13.161	16.264	10.031	11.632	8.8	8.999	6.767	6.978	9.001	10.484	7.83	10.06	12.967	13.285	20.226	12.823	10.559	13.563	27.503	17.864	17.397	7.208	12.35	8.333	5.235	11.261	12.337	5.089	7.575	5.469	15.894	11.961	8.294	15.869	11.858	8.34	10.224	10.665	8.927	9.374	4.655	11.995	17.006	9.37	13.695	10.269	8.732	17.317	10.027	9.662	11.19	9.437	16.157	9.627	6.057	7.11	5.895	7.034	4.833	11.046	8.15	6.231	6.544	10.362	6.384	8.324	11.564	8.716	9.246	13.699	14.309	9.974	16.957	8.746	10.583	13.476	14.178	10.907	11.263	5.724	7.905	15.488	13.489	9.661	7.475	8.498	6.521	6.885	9.603	7.472	6.682	8.429	7.345	7.66	10.659	15.153	12.852	7.556	6.572	7.495	9.577	9.854	8.135	6.24	10.662	16.845	7.662	9.976	8.408	6.861	3.299	7.019	6.949	9.799	8.1	13.845	13.361	8.08	6.349	11.039	7.441	5.105	8.302	6.536	9.602	9.117	8.675	6.275	8.215	17.533	8	2.208	6.187	4.671	3.338	10.729	5.39	5.347	4.377	5.694	5.329	3.485	4.047	4.96	3.554	2.636	4.921	2.869	5.38	7.217	4.707	6.775	6.49	6.607	5.873	9.156	7.113	5.064	8.648	6.058	5.236	5.156	3.238	3.344	4.953	4.704	5.725	3.697	1.936	3.929	3.442	2.253	4.205	5.997	5.192	11.52	5.546	6.9	3.124	1.963	4.538	6.568	5.585	5.806	4.536	2.336	5.122	4.695	5.168	5.779	8.664	5.212	10.722	2.339	2.722	4.931	6.226	5.469	4.05	1.865	4.653	2.277	6.57	4.409	9.804	8.467	8.856	
Chloroflexi	1.09	15.461	3.12E-21	9.35E-21	Enriched	1.406	0.661	1.983	0.747	0.859	1.107	2.115	1.878	1.113	0.772	1.104	0.578	0.815	1.304	0.647	0.517	3.167	1.026	0.416	0.416	0.896	1.159	0.764	0.947	0.857	0.882	0.916	1.143	1.082	1.915	1.985	0.957	1.023	0.919	0.982	1.478	1.592	1.318	0.852	0.962	0.352	0.548	0.451	0.226	0.433	0.426	0.518	0.614	0.992	1.024	0.599	1.497	1.467	0.942	1.403	0.876	0.953	1.237	0.98	0.678	0.966	1.094	1.715	1.712	0.796	1.837	1.397	1.013	1.165	1.434	2.224	1.498	0.708	1.756	2.991	1.238	1.547	1.817	2.229	0.895	0.76	1.645	1.426	1.646	1.828	2.036	1.292	2.404	1.91	2.466	2.294	2.194	1.86	4.511	3.084	2.148	2.554	0.966	1.687	1.94	0.879	1.78	1.444	0.976	1.065	1.025	1.781	2.503	1.731	2.749	1.889	1.125	1.824	1.831	1.914	1.537	0.58	1.824	2.596	2.126	2.084	1.983	1.758	1.772	0.968	1.582	2.53	1.457	2.549	2.018	0.859	0.966	0.818	0.803	0.499	0.797	1.724	1.646	1.337	1.781	0.978	1.558	1.448	0.749	0.921	2.982	1.844	1.575	1.455	1.636	1.724	2.132	1.734	2.02	1.79	0.759	1.197	1.619	2.869	1.096	1.157	1.565	1.354	1.178	1.773	1.302	1.149	1.064	0.875	1.336	2.051	3.322	1.498	1.145	1.085	1.294	1.291	2.089	0.721	1.005	1.569	1.354	1.659	0.771	1.579	0.894	0.471	0.991	1.35	1.054	1.102	1.274	1.316	1.327	1.067	1.917	1.347	0.539	1.414	0.747	1.331	1.977	2.076	0.373	0.699	0.332	0.583	0.145	0.849	0.228	0.306	0.687	0.462	0.456	0.391	0.983	0.875	0.632	0.587	0.164	0.308	0.289	0.704	0.267	1.042	1.235	0.875	0.597	0.649	0.453	1.235	1.295	1.084	0.477	0.618	0.848	0.58	0.452	0.144	0.349	0.509	0.392	0.413	0.123	0.186	0.611	0.33	0.446	0.47	0.605	0.611	1.242	0.701	0.921	0.446	0.243	0.487	0.643	0.722	0.62	0.85	0.244	0.371	0.35	0.247	0.393	1.59	0.724	0.818	0.543	0.332	0.808	1.476	0.658	0.717	0.406	0.965	0.267	1.147	0.58	2.71	2.089	1.61	
Bacteroidetes	0.755	16.703	4.60E-17	9.20E-17	Enriched	4.306	2.551	4.781	3.858	4.98	5.704	3.347	7.885	2.537	3.926	1.976	3.283	2.844	3.892	7.636	5.833	3.318	2.798	4.202	4.966	2.996	4.927	2.957	5.769	5.059	4.351	2.905	3.77	2.625	2.546	4.705	4.312	1.354	2.387	2.925	3.731	1.121	3.934	2.055	1.596	2.237	2.36	1.788	1.924	2.697	2.56	3.979	2.724	6.929	2.258	1.654	3.205	3.004	6.243	4.819	3.728	2.632	3.47	2.314	3.022	3.906	2.75	4.382	3.858	7.754	6.888	6.564	2.408	4.227	2.797	4.055	7.49	5.891	4.522	6.738	3.564	2.532	5.271	6.205	4.021	2.341	2.438	5.843	6.645	4.862	5.666	5.318	4.537	2.473	1.761	5.605	4.869	3.007	3.978	2.659	3.553	3.017	3.202	5.382	5.619	2.718	7.842	5.386	3.302	3.898	3.659	8.842	7.669	6.875	3.426	5.125	4.552	4.42	3.642	6.733	3.924	7.033	3.709	2.435	2.589	3.091	6.131	3.607	5.135	5.652	7.556	4.92	8.593	9.594	4.216	4.992	3.64	2.105	5.025	4.561	2.962	6.566	4.817	4.886	7.898	5.017	5.258	5.722	2.597	4.013	4.855	5.371	5.189	2.9	7.191	5.191	4.586	4.957	5.757	4.244	4.739	6.155	4.033	4.943	6.555	5.886	3.452	3.702	5.063	4.756	6.361	5.302	6.494	5.864	7.499	2.986	1.937	2.743	2.251	2.844	3.632	5.274	1.547	2.2	10.668	4.838	3.85	2.745	5.169	3.862	1.956	2.497	1.115	2.679	2.671	3.388	5.548	4.049	3.005	3.17	5.84	3.6	4.269	3.878	3.738	4.246	6.031	3.909	2.957	2.715	1.613	1.395	3.092	3.937	2.766	3.258	1.725	2.324	1.392	2.975	1.433	1.12	1.552	2.284	3.206	8.099	3.437	2.115	2.458	2.344	2.188	2.168	2.262	2.763	2.346	1.295	2.61	3.371	3.82	2.062	2.959	1.242	1.622	0.922	1.251	2.501	1.635	3.95	3.056	2.307	2.526	2.081	1.211	1.104	1.959	2.872	2.454	2.106	2.541	3.345	2.224	2.104	1.384	2.788	2.627	2.303	2.928	2.306	3.564	5.78	2.414	3.965	2.526	1.633	1.928	1.577	3.565	2.179	2.895	1.764	2.156	2.236	2.808	4.487	2.004	2.63	4.438	4.166	
Acidobacteria	1.087	14.953	1.14E-28	2.06E-27	Enriched	1.625	0.765	2.657	1.366	1.757	1.931	1.804	1.728	0.991	1.56	1.445	1.365	1.879	1.715	1.229	0.911	1.103	1.298	2.141	1.347	1.106	1.491	1.544	2.084	2.399	1.889	1.012	1.213	0.691	1.173	1.804	1.136	0.646	1.023	1.357	1.891	1.161	1.59	1.413	1.636	1.244	0.955	1.044	0.738	0.639	0.569	0.788	0.819	1.051	1.174	1.132	1.517	1.567	1.325	1.583	1.276	1.366	1.519	1.172	0.801	1.145	1.154	1.905	1.672	1.274	2.36	1.458	0.866	1.024	1.353	2.184	2.202	0.666	1.585	2.387	1.369	1.607	2.48	2.46	1.604	2.361	1.505	1.596	2.323	1.637	1.946	2.079	2.606	2.372	2.446	1.479	1.944	1.679	1.597	2.093	1.957	1.981	1.415	2.159	1.458	1.047	1.669	1.715	1.595	1.678	1.86	2.696	2.724	3.171	2.769	2.171	2.11	1.654	1.952	2.104	1.648	1.184	2.328	1.459	2.005	1.722	2.175	2.07	1.722	1.157	1.814	2.067	1.497	1.836	1.937	1.085	0.925	0.778	1.357	1.057	1.044	1.644	1.565	1.458	1.72	1.247	1.739	1.619	1.389	1.21	2.79	2.65	2.433	2.187	2.697	2.107	1.76	1.795	1.929	2.102	1.338	1.629	0.978	2.013	1.448	1.529	1.826	1.294	1.409	1.642	2.534	1.381	2.259	2.688	2.155	1.89	2.208	1.892	1.356	1.216	1.154	1.581	1.778	1.195	2.284	2.032	1.253	1.85	1	1.871	0.79	0.471	1.014	1.078	1.526	2.114	1.274	1.447	1.487	1.852	1.515	1.388	1.601	1.828	1.364	1.291	1.936	2.045	1.123	0.556	0.518	0.646	0.702	1.155	0.662	0.509	0.52	0.545	0.726	0.76	0.41	0.427	0.388	0.405	0.205	0.555	0.535	0.559	0.513	0.832	1.255	0.875	0.679	1.025	0.494	1.124	1.255	1.144	0.54	0.577	0.911	0.415	0.514	0.287	0.616	1.281	0.763	0.764	0.452	0.619	1.223	0.515	0.668	1.084	0.834	0.856	1.192	0.824	0.901	1.216	0.668	0.608	0.414	0.66	0.579	0.56	0.224	0.494	0.721	0.679	0.681	1.791	0.786	1.303	0.836	0.581	0.787	1.185	0.74	0.839	0.67	0.903	0.43	1.439	0.724	1.663	1.17	0.913	
Planctomycetes	0.8	12.435	7.20E-08	9.26E-08	Enriched	0.099	0.057	0.376	0.415	0.43	0.063	0.146	0.209	0.083	0.146	0.225	0.083	0.084	0.124	0.063	0.103	0.021	0	0.062	0.021	0.042	0.105	0.021	0.126	0.084	0.147	0.06	0.163	0.122	0.239	0.205	0.143	0	0.204	0.042	0.119	0.103	0.062	0.021	0.02	0	0.041	0	0.021	0.021	0.041	0.021	0.061	0	0.021	0.062	0.082	0.353	0.084	0.226	0.042	0.041	0.081	0	0.021	0.02	0.063	0.084	0.183	0.021	0.084	0.146	0.227	0.062	0.139	0.144	0.021	0	0	0.021	0.042	0.062	0.083	0.104	0.083	0.042	0.062	0.063	0.021	0.062	0.164	0.042	0.122	0.141	0.162	0.208	0.167	0.227	0.554	0.201	0.123	0.127	0.082	0.247	0.146	0.021	0.084	0.21	0.021	0.021	0.082	0.188	0.185	0.124	0.102	0.103	0.102	0.167	0.104	0.125	0.021	0.124	0.168	0.325	0.084	0.123	0.063	0.084	0.063	0.021	0.042	0.142	0.083	0.083	0.264	0.041	0	0	0.082	0	0.02	0.102	0.083	0.041	0.062	0.021	0.142	0.041	0.021	0.063	0.143	0.064	0.042	0.042	0.166	0.164	0.021	0.148	0.233	0.146	0.103	0.103	0.125	0.225	0.105	0.084	0.081	0.063	0.083	0.105	0.105	0.063	0.064	0.104	0.063	0.125	0.209	0.274	0.082	0.084	0.082	0.102	0.062	0.062	0.042	0.106	0.042	0.083	0.104	0.125	0.021	0.041	0.062	0.062	0.041	0.021	0	0.084	0.062	0.021	0.083	0.042	0.104	0.042	0.062	0.042	0.087	0.314	0.124	0.123	0.145	0.021	0	0.021	0	0.041	0	0	0.021	0.164	0.123	0.041	0.02	0.04	0.021	0	0	0.041	0	0.083	0.18	0.104	0	0.021	0	0.104	0.083	0.041	0.021	0.021	0.021	0.021	0	0	0.328	0.163	0.103	0.021	0.041	0.041	0.061	0.185	0.02	0.02	0.125	0.081	0.077	0.021	0.041	0.02	0.02	0.061	0.041	0	0.021	0.145	0	0	0	0	0.041	0.142	0.041	0.042	0.042	0	0.041	0.042	0.041	0	0.02	0.082	0	0.083	0	0.273	0.254	0.119	
Verrucomicrobia	1.447	12.553	2.00E-23	1.20E-22	Enriched	0.246	0.09	0.418	0.187	0.225	0.273	0.231	0.417	0.124	0.125	0.142	0.123	0.146	0.29	0.251	0.103	0.083	0.248	0.146	0.125	0.105	0.168	0.124	0.316	0.292	0.168	0.159	0.246	0.122	0.2	0.348	0.143	0.042	0.122	0.188	0.256	0.207	0.248	0.124	0.266	0.103	0.102	0.082	0.062	0.062	0.102	0.062	0.082	0.206	0.062	0.165	0.307	0.294	0.252	0.185	0.146	0.249	0.304	0.146	0.041	0.12	0.231	0.125	0.306	0.146	0.397	0.292	0.103	0.188	0.22	0.329	0.267	0.042	0.253	0.544	0.21	0.226	0.414	0.396	0.166	0.105	0.188	0.251	0.337	0.187	0.37	0.445	0.448	0.342	0.222	0.187	0.293	0.186	0.205	0.221	0.248	0.338	0.267	0.308	0.25	0.105	0.272	0.273	0.312	0.189	0.408	0.439	0.471	0.534	0.471	0.369	0.307	0.167	0.208	0.417	0.275	0.124	0.252	0.284	0.358	0.246	0.397	0.251	0.295	0.189	0.312	0.466	0.228	0.313	0.325	0.102	0.123	0.041	0.226	0.083	0.144	0.308	0.313	0.203	0.207	0.146	0.344	0.311	0.25	0.23	0.408	0.318	0.378	0.209	0.601	0.349	0.461	0.297	0.595	0.292	0.369	0.329	0.021	0.39	0.295	0.399	0.101	0.334	0.228	0.232	0.419	0.147	0.447	0.543	0.438	0.269	0.251	0.189	0.164	0.251	0.226	0.307	0.248	0.186	0.377	0.338	0.166	0.312	0.188	0.353	0.167	0.061	0.083	0.166	0.31	0.254	0.104	0.23	0.228	0.25	0.353	0.21	0.207	0.211	0.187	0.146	0.261	0.431	0.186	0.082	0	0.021	0.062	0.187	0.083	0.061	0.062	0.042	0.041	0.103	0.041	0.02	0.102	0.04	0.021	0.062	0.103	0.062	0.062	0.166	0.299	0.188	0	0.104	0	0.125	0.063	0.041	0.021	0.021	0.103	0.041	0.062	0	0.021	0.081	0.041	0.144	0.021	0.062	0.122	0.082	0.041	0.102	0	0.081	0.326	0.041	0.102	0.061	0.04	0.041	0.041	0.104	0.041	0.083	0	0.062	0.062	0.021	0.103	0.223	0.083	0.042	0.168	0.042	0.083	0.187	0.062	0.184	0.061	0.185	0.061	0.167	0.041	0.371	0.411	0.239	
Spirochaetes	0.819	15.444	1.05E-14	1.72E-14	Enriched	1.595	0.904	2.969	1.869	2.44	2.867	0.9	2.019	0.413	1.48	0.837	1.676	1.256	1.655	2.508	0.641	0.829	2.455	2.895	2.513	0.645	1.663	1.877	2.547	2.278	1.678	1.232	1.614	0.711	1.033	1.572	1.528	0.667	1.164	1.236	1.066	0.352	0.968	0.395	0.859	1.635	0.772	0.882	1.002	0.824	0.71	0.892	0.778	0.868	0.985	0.558	0.841	1.135	1.345	1.303	3.165	1.517	2.132	0.646	0.432	0.644	1.274	1.193	1.269	1.866	2.149	1.287	0.887	1.586	1.023	1.691	2.101	0.583	1.625	2.256	2.497	1.376	1.817	2.058	1.354	1.266	1.394	1.717	2.676	1.597	1.643	2.755	2.404	1.206	1.047	1.358	2.404	1.428	1.618	0.967	1.425	1.096	1.275	1.787	2.021	1.46	2.011	1.785	2.141	1.838	2.533	2.444	1.809	2.959	2.234	2.995	1.598	0.88	1.288	1.733	2.366	1.344	1.532	0.893	1.259	1.188	1.943	0.88	1.329	1.388	1.773	1.361	1.246	1.164	0.936	1.477	0.678	0.859	1.728	1.561	1.265	1.253	1.375	1.237	1.388	1.438	1.136	1.187	2.456	1.885	2.246	2.63	2.544	1.415	2.697	1.744	2.554	2.377	2.272	1.891	2.505	2.424	0.894	1.701	3.237	4.457	1.264	1.154	1.721	2.358	2.928	2.268	2.472	4.088	2.965	0.746	0.501	1.164	1.065	1.658	1.686	1.541	0.62	0.803	3.542	1.67	0.771	1.126	1.455	1.036	0.457	0.635	0.289	1.823	1.426	1.567	0.898	0.983	1.075	1.419	1.164	1.679	2.568	2.171	1.697	2.663	3.005	2.257	1.052	0.33	0.456	0.438	1.074	1.718	0.724	0.794	0.666	1.152	0.767	1.272	0.102	0.163	0.163	0.931	0.596	0.925	0.679	0.663	0.861	0.852	1.014	1.044	0.907	1.859	0.844	0.752	0.939	0.98	0.872	0.824	1.715	0.248	0.637	0.267	0.575	1.771	1.033	1.524	0.698	0.743	1.063	0.391	0.364	0.612	0.584	1.165	1.633	0.824	0.921	1.437	0.972	0.406	0.373	0.618	0.703	0.601	0.732	1.233	1.171	1.034	0.867	1.55	0.848	1.032	1.044	0.935	1.306	0.893	1.112	1.002	0.69	0.8	0.779	2.022	0.787	1.29	1.19	1.691	
Ignavibacteriae	0.948	13.485	2.97E-23	1.34E-22	Enriched	0.461	0.239	0.565	0.146	0.389	0.629	0.544	0.688	0.248	0.522	0.387	0.392	0.418	0.393	0.751	0.372	0.207	0.577	0.395	0.457	0.27	0.609	0.33	0.674	0.919	0.399	0.179	0.471	0.407	0.279	0.695	0.427	0.166	0.204	0.459	0.474	0.373	0.598	0.333	0.368	0.373	0.487	0.287	0.226	0.227	0.223	0.311	0.225	0.372	0.267	0.413	0.492	0.313	0.335	0.247	0.229	0.415	0.446	0.355	0.206	0.302	0.503	0.564	0.611	0.44	0.522	0.458	0.206	0.479	0.28	0.535	0.556	0.188	0.381	0.732	0.483	0.288	0.745	0.729	0.188	0.338	0.354	0.565	0.401	0.395	0.636	0.509	0.692	0.563	0.505	0.354	0.481	0.434	0.307	0.705	0.351	0.401	0.308	0.452	0.313	0.272	0.502	0.419	0.436	0.502	0.592	0.585	0.739	0.658	0.574	0.513	0.676	0.544	0.499	0.625	0.485	0.31	0.483	0.406	0.611	0.307	0.96	0.482	0.652	0.442	0.625	0.891	0.581	0.459	0.428	0.47	0.288	0.368	0.535	0.437	0.409	0.452	0.542	0.548	0.477	0.333	0.526	0.56	0.437	0.586	0.571	0.615	0.693	0.313	0.808	0.533	0.461	0.381	0.616	0.603	0.513	0.535	0.333	0.534	0.357	0.421	0.366	0.544	0.602	0.464	0.858	0.482	1.044	1.146	0.877	0.518	0.313	0.527	0.43	0.439	0.534	0.492	0.496	0.268	0.712	0.529	0.313	0.457	0.354	0.498	0.145	0.163	0.186	0.249	0.393	0.444	0.375	0.418	0.29	0.5	0.415	0.441	0.477	0.337	0.374	0.291	0.457	0.412	0.269	0.144	0.103	0.125	0.33	0.248	0.331	0.367	0.124	0.23	0.145	0.37	0.163	0.081	0.122	0.141	0.082	0.144	0.248	0.249	0.164	0.207	0.2	0.271	0.495	0.314	0.247	0.313	0.48	0.286	0.27	0.226	0.269	0.145	0.205	0.103	0.021	0.407	0.268	0.31	0.123	0.144	0.183	0.103	0.121	0.164	0.167	0.285	0.307	0.309	0.349	0.263	0.202	0.202	0.187	0.206	0.29	0.186	0.142	0.164	0.267	0.206	0.186	0.61	0.372	0.209	0.23	0.166	0.269	0.249	0.205	0.307	0.183	0.226	0.163	0.5	0.207	0.468	0.332	0.417	
Armatimonadetes	1.395	11.835	6.42E-18	1.45E-17	Enriched	0.071	0.027	0.229	0	0.102	0.105	0.063	0.167	0.062	0.063	0.061	0.021	0.042	0.041	0.063	0.062	0.021	0.062	0.021	0.062	0.062	0.105	0.062	0.042	0.084	0.126	0.119	0.041	0.02	0.08	0.082	0.041	0.021	0.02	0.146	0.079	0.041	0.103	0.021	0.041	0	0.061	0.041	0	0.021	0.02	0.062	0.041	0.062	0.021	0.062	0.062	0.098	0.042	0.021	0	0.103	0.081	0.021	0.021	0	0.063	0.042	0.061	0.042	0.084	0.083	0.021	0.062	0.08	0.103	0.041	0.021	0.084	0.063	0	0.021	0.145	0.104	0.021	0.042	0.021	0.042	0.084	0.042	0.103	0.042	0.143	0.121	0.101	0.083	0.063	0.041	0.082	0.101	0.041	0.084	0.062	0.041	0.042	0.042	0.084	0.125	0.021	0.126	0.061	0.126	0.082	0.144	0.102	0.062	0.02	0.084	0.104	0.083	0.084	0.021	0.126	0.365	0.063	0.123	0.167	0.063	0.147	0.106	0.062	0.122	0.042	0.083	0.163	0.082	0.021	0.041	0.102	0.042	0.041	0.143	0.083	0.061	0.062	0.021	0.102	0.104	0.021	0.063	0.061	0.106	0.105	0.021	0.166	0.082	0.084	0.064	0.085	0.125	0.021	0.062	0.125	0.103	0.105	0.063	0.061	0.063	0.041	0.147	0.168	0.021	0.128	0.083	0.104	0.083	0.063	0.063	0.061	0.084	0.143	0.164	0.083	0.041	0.063	0.106	0.062	0.062	0.042	0.146	0	0.02	0.021	0.021	0.021	0.063	0.021	0.063	0.062	0.021	0.124	0.063	0.021	0.021	0.042	0.042	0.044	0.118	0.062	0.021	0	0.021	0.021	0.021	0.021	0.041	0	0	0	0.041	0.02	0.02	0.02	0	0	0.021	0.021	0.041	0	0.021	0.04	0.021	0.041	0.042	0.041	0.063	0.063	0.02	0	0.021	0.021	0	0	0	0	0.041	0	0.021	0	0	0.02	0	0	0.02	0	0.02	0.134	0.021	0.02	0.04	0	0	0.021	0.041	0	0.062	0	0.021	0.021	0.021	0	0.122	0.021	0.063	0	0.021	0	0.021	0.021	0.041	0	0.082	0.02	0.146	0.021	0.098	0.098	0.06	
Nitrospirae	1.243	12.627	4.45E-27	4.00E-26	Enriched	0.324	0.137	0.376	0.146	0.246	0.377	0.398	0.563	0.186	0.313	0.286	0.123	0.25	0.352	0.271	0.166	0.145	0.289	0.27	0.27	0.354	0.44	0.393	0.463	0.46	0.336	0.319	0.287	0.203	0.159	0.286	0.123	0.083	0.164	0.209	0.296	0.331	0.248	0.291	0.347	0.249	0.142	0.164	0.102	0.021	0.102	0.083	0.184	0.206	0.185	0.269	0.226	0.235	0.272	0.164	0.167	0.187	0.264	0.25	0.206	0.262	0.377	0.376	0.408	0.252	0.397	0.313	0.123	0.167	0.319	0.474	0.267	0.125	0.275	0.523	0.42	0.33	0.414	0.479	0.312	0.253	0.271	0.314	0.275	0.311	0.329	0.339	0.489	0.422	0.505	0.313	0.356	0.497	0.246	0.302	0.413	0.443	0.328	0.432	0.396	0.188	0.293	0.314	0.249	0.335	0.408	0.439	0.431	0.412	0.492	0.534	0.594	0.419	0.374	0.417	0.464	0.207	0.629	0.385	0.568	0.593	0.564	0.44	0.442	0.252	0.583	0.608	0.332	0.396	0.488	0.245	0.206	0.246	0.288	0.208	0.286	0.37	0.354	0.283	0.27	0.146	0.344	0.435	0.353	0.251	0.633	0.382	0.461	0.292	0.331	0.328	0.419	0.381	0.574	0.416	0.267	0.226	0.208	0.41	0.231	0.442	0.285	0.334	0.27	0.232	0.398	0.272	0.298	0.397	0.355	0.373	0.522	0.316	0.266	0.398	0.349	0.389	0.475	0.206	0.398	0.38	0.396	0.394	0.25	0.478	0.291	0.185	0.207	0.186	0.393	0.339	0.292	0.271	0.497	0.354	0.27	0.295	0.125	0.316	0.207	0.229	0.392	0.334	0.186	0.082	0.041	0.125	0.083	0.166	0.103	0.081	0.124	0.105	0.021	0.226	0.061	0.122	0.082	0.061	0.021	0.041	0.144	0.083	0.102	0.124	0.2	0.146	0.062	0.084	0.062	0.167	0.188	0.164	0.124	0.144	0.165	0.166	0.123	0.041	0.021	0.285	0.083	0.207	0.062	0.144	0.122	0.103	0.041	0.102	0.042	0.081	0.153	0.123	0.123	0.162	0.141	0.081	0.124	0.185	0.144	0.124	0.162	0.103	0.103	0.103	0.124	0.427	0.206	0.23	0.147	0.125	0.249	0.29	0.185	0.204	0.081	0.143	0.143	0.292	0.103	0.331	0.215	0.298	
Poribacteria	0.949	9.607	6.60E-08	9.14E-08	Enriched	0.017	0.009	0.021	0	0	0	0.042	0.042	0.021	0	0	0	0.021	0.021	0.063	0.021	0	0	0	0.021	0	0	0	0	0.021	0.021	0	0	0.02	0.02	0	0.02	0	0	0.042	0.02	0.021	0.021	0.021	0.02	0	0	0	0	0	0	0.021	0.02	0.021	0.041	0.021	0.02	0	0	0	0	0	0	0.021	0.021	0.02	0	0.021	0.02	0	0.021	0.021	0	0	0	0.021	0.021	0	0.021	0.042	0	0.021	0.021	0.021	0	0.021	0	0	0.021	0.042	0.021	0.021	0.02	0.04	0.02	0.021	0.042	0.021	0.02	0.02	0.041	0.042	0.041	0.021	0.042	0	0.042	0.021	0.021	0.042	0.041	0.021	0	0.021	0.021	0.021	0.02	0.042	0.021	0.021	0	0.021	0.042	0.02	0.021	0.02	0	0	0.021	0	0.021	0.02	0.021	0.021	0	0.02	0.021	0	0	0	0	0.021	0.042	0.02	0.021	0.042	0.02	0.021	0	0	0.02	0.021	0.021	0.021	0.021	0.041	0.021	0.021	0.043	0.021	0.021	0.021	0.021	0.041	0.021	0.063	0.02	0.042	0.041	0.042	0.021	0	0.021	0.021	0.021	0.021	0.042	0.021	0.02	0	0.021	0.021	0.021	0.021	0.021	0.021	0	0	0	0.021	0.021	0	0	0	0.021	0.021	0	0	0	0.042	0.021	0.021	0	0.021	0.021	0.021	0.022	0.02	0	0.021	0.021	0	0	0	0	0	0	0	0	0	0	0.02	0.02	0.02	0	0	0	0.021	0	0.042	0	0	0	0	0.021	0.021	0	0	0	0.021	0.021	0	0.021	0	0	0	0	0	0	0	0.02	0	0.02	0	0	0	0.019	0	0	0	0	0	0	0.021	0	0	0	0	0	0	0	0.02	0.021	0	0.021	0	0	0.021	0.021	0	0.02	0.021	0	0.021	0.021	0.078	0.059	0.04	
Deltaproteobacteria	0.897	17.935	1.47E-22	5.31E-22	Enriched	11.32	6.078	16.908	12.257	13.454	17.906	8.95	14.967	4.272	12.987	8.217	10.038	7.557	9.097	14.723	4.638	8.79	16.404	20.909	13.671	8.615	11.991	15.945	14.8	13.405	13.968	7.093	9.936	4.859	6.968	10.277	8.935	5.707	5.186	9.71	9.947	5.465	8.12	4.862	8.492	11.237	10.998	8.446	6.525	5.153	6.645	5.874	4.056	4.506	8.028	7.356	7.123	7.987	9.936	6.944	9.908	11.956	11.465	5.76	3.042	4.89	9.814	13.236	9.83	8.215	12.049	11.862	6.924	8.082	7.188	16.403	11.663	6.704	11.911	11.985	14.902	9.735	12.248	13.154	10.028	11.653	9.791	10.441	20.702	12.255	14.315	17.053	16.197	12.565	11.876	9.147	13.424	13.274	9.303	12.235	10.739	9.463	11.746	11.748	11.158	9.835	12.668	13.741	14.54	14.165	16.285	15.19	20.002	25.064	15.666	16.481	14.269	8.229	9.88	12.323	16.888	8.718	16.026	7.96	11.384	9.385	18.725	9.867	12.685	12.572	12.796	11.392	9.417	10.738	11.946	7.383	4.813	5.093	11.556	12.184	6.728	8.32	11.439	11.561	9.869	7.741	7.741	10.257	11.575	10.789	10.576	15.72	14.335	8.177	17.877	11.793	14.382	12.648	13.634	16.592	15.292	15.488	5.632	12.281	16.286	19.82	10.435	10.333	9.834	13.301	19.083	15.724	14.285	18.97	22.769	6.898	6.723	10.828	10.349	13.264	13.044	9.617	8.468	9.019	19.322	11.165	7.39	11.363	10.016	9.988	5.447	4.914	4.629	16.517	11.647	15.674	8.638	8.439	9.447	17.408	12.343	16.792	15.808	11.918	12.123	14.726	14.119	13.199	11.226	3.356	3.256	5.561	5.41	5.072	7.648	5.764	3.74	8.827	6.098	8.765	1.764	2.18	1.492	3.546	2.595	5.406	3.978	5.132	4.635	3.847	6.203	4.356	5.83	9.233	6.506	5.32	7.901	7.193	7.059	5.025	9.768	1.702	4.625	2.298	6.797	11.507	8.917	9.705	5.18	4.785	8.641	2.161	2.693	5.63	5.857	8.144	12.121	5.747	8.758	9.142	5.369	4.158	3.56	5.735	5.977	5.177	6.016	6.836	5.165	5.429	5.509	9.741	6.905	6.523	6.857	6.809	10.143	6.246	5.73	6.736	4.774	6.318	5.657	9.82	6.523	7.486	5.768	7.206	
Alphaproteobacteria	-0.436	18.22	1.02E-08	1.53E-08	Depleted	9.617	13.011	10.668	14.668	11.145	7.253	11.325	7.654	10.329	12.887	10.434	12.347	9.045	8.255	5.087	12.549	6.655	11.271	8.324	9.248	9.309	7.829	8.366	11.478	8.315	11.456	9.117	6.286	8.075	17.344	8.242	16.181	12.336	15.047	12.766	9.454	9.879	6.309	5.153	10.942	7.866	6.209	6.518	9.702	6.948	7.103	7.387	7.601	6.879	8.721	11.425	10.348	12.056	9.454	9.188	8.712	10.851	8.78	11.721	6.644	8.213	11.942	10.93	15.209	11.435	8.494	15.682	26.49	12.35	16.242	6.612	6.937	5.66	3.785	4.119	4.37	4.611	8.212	5.081	11.833	13.964	14.245	15.862	3.645	5.656	9.406	7.154	6.761	13.168	14.694	8.966	9.117	20.313	17.783	10.718	14.352	10.559	18.773	13.355	13.671	10.973	11.06	12.538	8.704	8.308	5.599	7.615	6.031	5.043	4.75	11.557	5.959	9.883	6.409	10.62	6.593	21.067	10.584	9.56	11.586	13.191	9.514	9.385	7.913	9.042	7.295	9.839	8.633	5.529	8.704	5.826	6.207	7.88	6.401	5.075	5.704	6.426	7.486	4.011	8.25	5.781	6.484	5.45	8.696	10.285	6.94	5.069	5.562	7.525	5.262	8.98	9.011	11.832	9.008	8.91	14.588	13.074	15.689	8.345	9.39	9.94	13.947	6.752	11.777	8.928	6.825	13.405	9.756	8.237	6.264	6.596	6.322	6.527	15.876	10.249	8.98	7.246	10.748	10.043	4.73	8.157	6.898	11.162	15.858	7.352	17.153	17.45	16.066	7.1	15.362	11.73	6.16	8.258	9.366	6.601	6.573	10.256	9.535	6.444	15.861	8.553	8.381	9.441	13.331	8.395	11.121	16.06	11.443	6.9	12.128	10.425	10.929	5.27	8.021	11.319	8.31	7.818	6.73	7.243	12.023	12.214	9.681	9.231	11.939	8.085	13.149	11.442	16.886	16.778	16.642	17.066	11.645	19.062	15.04	14.613	12.135	17.221	8.83	14.59	30.533	12.707	10.733	10.527	25.047	23.676	10.625	9.444	10.513	18.365	16.978	7.07	11.119	14.542	16.873	9.303	11.019	11.321	19.954	22.899	20.356	17.022	7.48	11.026	13.113	14.35	20.432	12.377	19.443	23.348	9.025	10.444	8.315	11.247	6.882	13.432	19.255	14.24	9.92	9.156	5.631	9.028	17.893	10.466	
Betaproteobacteria	-0.276	19.532	3.66E-16	6.59E-16	Depleted	48.731	58.987	27.174	38.88	29.217	33.197	28.463	28.627	30.387	43.492	28.893	48.786	44.722	33.901	47.927	56.519	36.886	49.211	42.221	48.251	52.275	50.481	45.21	34.433	50.292	44.214	37.568	45.719	46.183	46.217	48.867	43.919	59.876	54.87	53.777	42.946	23.723	39.143	28.971	44.47	58.595	64.289	69.901	68.957	73.187	69.637	68.658	57.483	54.973	56.499	57.125	51.941	47.62	47.17	47.693	47.428	55.26	44.051	54.998	63.934	50.304	57.902	49.536	48.548	52.361	41.468	38.703	47.762	60.041	53.638	42.668	50.371	62.921	50.671	39.681	54.675	56.663	42.165	46.289	51.643	50.331	53.069	49.796	48.472	55.25	45.566	47.929	42.958	35.987	39.152	41.156	40.373	39.62	39.383	30.739	37.435	44.648	47.384	42.072	48.15	63.019	40.62	39.418	57.959	53.244	55.993	35.309	36.184	38.351	42.855	37.484	53.258	55.228	53.224	47.288	46.012	40.73	40.318	48.101	48.661	44.709	38.054	53.757	43.392	53.607	48.563	47.079	50.953	43.252	50.796	65.491	67.789	68.977	58.787	63.133	63.866	56.138	55.29	61.323	50.102	61.53	55.996	53.196	57.17	54.246	44.32	43.733	49.97	49.667	42.621	48.077	42.441	39.678	43.831	43.844	47.386	42.339	47.67	43.084	42.827	39.238	47.258	61.598	52.946	48.266	44.325	47.171	46.299	41.796	39.972	54.801	52.382	52.422	48.833	56.272	54.183	53.841	54.543	59.457	41.865	47.273	50.835	55.105	48.275	55.319	57.478	59.67	62.759	57.608	49.298	48.034	55.078	50.732	57.182	54.841	50.477	48.567	53.567	55.144	52.027	42.867	44.374	42.318	38.49	43.079	40.176	57.213	64.841	57.453	57.031	55.333	49.433	62.821	63.387	57.197	51.723	46.49	46.27	65.015	63.622	51.157	66.241	65.25	66.416	58.806	54.501	65.242	60.61	52.746	61.255	59.027	49.292	54.276	57.754	57.251	57.367	64.178	66.277	70.653	49.453	55.933	67.206	58.852	57.206	53.573	62.951	69.232	73.287	55.596	50.733	57.542	47.884	59.674	49.816	65.401	60.204	67.325	62.068	54.559	58.061	63.083	75.806	63.552	63.463	60.81	55.586	47.898	59.131	48.099	71.38	72.406	58.247	57.341	69.116	65.057	66.79	64.18	68.806	59.06	73.049	54.41	50.98	56.257	
																																																																																																																																																																																																																																																																																																	
C. indica vs japoinca in filed II																																																																																																																																																																																																																																																																																																	
Taxonomy	logFC	logCPM	PValue	FDR	level	MeanA	MeanB	B4014Ha	B4014Hc	B4014Hd	B4018Ha	B4018Hd	B4018Hf	B4019Ha	B4019Hb	B4019Hc	D4034Hc	D4034Hd	D4034He	D4037Ha	D4037Hc	D4037Hf	E4043Ha	E4043Hc	E4043Hf	E4045Hd	E4045He	E4045Hf	E4049Ha	E4049Hc	E4049Hd	F4056Hb	F4056Hd	F4056He	G4062Ha	G4062Hb	G4062Hf	G4066Ha	G4066Hb	G4066Hc	H4076Hc	H4076He	H4076Hf	H4080Ha	H4080Hd	H4080He	K4093Ha	K4093Hd	K4093He	K4096Hb	K4096Hd	K4096Hf	L4105Ha	L4105Hb	L4105Hc	M4112Ha	M4112Hb	M4112Hd	M4113Hb	M4113Hd	M4113Hf	M4114Hb	M4114He	M4114Hf	M4115Hc	M4115Hd	M4115He	M4117Ha	M4117Hc	M4117Hf	M4118Ha	M4118Hb	M4118Hc	M4119Ha	M4119Hb	M4119Hd	M4120Hd	M4120He	M4120Hf	N4121Hb	N4121Hc	N4121He	N4126Hc	N4126He	N4126Hf	N4127Ha	N4127Hb	N4127Hc	N4130Hc	N4130Hd	N4130He	P4135Hb	P4135Hc	P4135He	Q4141Ha	S4168Ha	S4168Hd	S4168Hf	W4194Hb	W4194Hc	W4194Hf	W4200Ha	W4200Hc	W4200Hf	X4203Hd	X4203He	X4203Hf	X4205Hb	X4205He	X4205Hf	Y4215Ha	Y4215Hb	Y4215Hf	D4040Hb	D4040Hc	D4040He	F4057Hc	F4057Hd	F4057Hf	J4087Hc	J4087Hd	J4087He	Q4142Hc	Q4142Hd	Q4142He	Q4143Ha	Q4143Hb	Q4143Hc	Q4144Hb	Q4144Hc	Q4144He	Q4146Ha	Q4146Hd	Q4146Hf	R4154Hc	R4154He	R4154Hf	E4041He	E4041Hf	E4041Hg	E4047Hb	E4047Hc	E4047Hd	E4048Ha	E4048Hc	E4048Hd	E4050Ha	E4050Hb	E4050Hf	S4165Hb	S4165Hc	S4165He	F4054Ha	F4054Hc	F4054Hd	F4055Hb	F4055Hc	F4055Hf	F4060Hc	F4060Hd	F4060He	H4074Ha	H4074He	H4074Hf	J4088Hc	J4088Hd	J4088He	P4140Ha	P4140Hc	P4140Hd	Q4145Ha	Q4145He	Q4145Hf	G4061Ha	G4061Hb	W4195Hb	W4195Hc	W4195He	W4196Ha	W4196Hb	W4196Hc	W4197Ha	W4197Hb	W4197Hc	X4204Ha	X4204Hc	X4204He	A4002Hc	A4002Hd	A4002Hf	A4010Hb	A4010Hd	A4010He	E4044Hc	E4044Hd	E4044He	G4065Hb	G4065Hd	G4065He	H4079Ha	H4079Hb	H4079Hc	L4110Ha	L4110Hd	L4110He	X4210Ha	X4210Hc	X4210Hf	B4012Hb	B4012Hc	B4012He	C4025Hc	C4025He	C4025Hf	H4075Hc	H4075He	H4075Hf	K4094Ha	K4094Hb	K4094Hc	B4017Ha	B4017Hh	B4017Hd	S4167Hc	S4167Hd	S4167He	H4071Ha	H4071Hb	H4071Hc	J4083Hb	J4083Hc	J4083Hd	J4089Ha	J4089Hb	J4089Hf	J4090Ha	J4090Hb	J4090Hd	K4091Ha	K4091Hd	K4091He	N4123Ha	N4123Hb	N4123Hf	P4139Hb	P4139Hc	P4139He	Q4147Hd	Q4147He	Q4147Hf	Q4148Ha	Q4148Hd	Q4148Hf	Q4149Hb	Q4149Hc	Q4149Hf	T4177Ha	T4177Hc	T4177Hf	T4179Ha	T4179Hc	T4179Hd	Y4211Ha	Y4211Hc	Y4211Hf	B4020Ha	B4020Hb	B4020Hd	C4021Ha	C4021Hc	C4021Hf	C4022Hb	C4022Hd	C4022Hf	C4027Ha	C4027Hb	C4027Hc	L4101Ha	L4101Hd	L4101Hf	L4103Ha	L4103Hb	L4103Hd	L4108Hc	L4108He	L4108Hf	Y4216Ha	Y4216Hd	Y4216He
Actinobacteria	0.275	17.992	0.000106713	0.000192084	Enriched	9.604	7.938	5.935	5.317	6.837	14.068	16.155	15.336	15.374	9.918	9.076	15.246	9.853	14.633	10.201	8.286	9.846	7.819	9.64	12.947	9.587	7.835	8.389	20.762	14.104	7.425	10.047	8.51	16.115	9.646	8.469	9.147	5.759	10.709	7.448	3.729	5.215	7.677	4.672	4.608	6.655	10.571	7.019	9.547	7.036	10.622	6.151	10.323	6.841	14.691	12.953	11.564	10.725	26.077	15.195	14.403	14.761	11.693	8.543	9.09	9.294	10.776	7.836	5.852	6.673	9.148	9.476	4.069	4.473	7.463	9.144	7.622	12.155	7.088	9.571	12.331	13.057	15.688	14.283	10.454	7.921	9.778	6.28	9.624	9.568	9.003	6.652	5.547	7.707	12.831	9.149	12.332	9.297	11.349	9.057	7.872	7.205	5.781	6.67	6.203	9.12	6.088	5.63	6.336	5.504	6.121	5.856	5.756	6.415	4.022	4.788	5.227	4.576	6.725	5.087	6.434	4.452	5.832	6.194	8.724	9.748	7.389	5.822	8.809	5.146	4.824	18.283	8.335	7.409	5.481	7.395	7.301	21.96	11.648	11.44	6.579	8.51	9.496	8.414	12.544	11.644	11.162	11.255	5.673	5.437	12.259	10.489	12.872	24.007	13.177	6.913	11.834	9.692	13.466	16.641	17.97	10.083	9.419	12.358	16.585	13.975	9.751	6.824	5.841	6.772	18.656	9.415	9.824	10.553	10.151	10.861	12.18	13.177	10.868	7.372	9.837	16.169	13.836	7.124	6.39	4.02	8.533	5.523	5.453	7.058	6.983	9.186	7.438	9.222	4.873	6.578	12.633	8.385	10.847	12.144	10.62	13.734	15.67	9.874	11.441	10.981	11.558	12.537	4.238	6.642	7.584	9.762	10.621	8.431	2.746	3.667	3.043	8.127	2.835	11.763	15.277	9.828	18.982	9.407	11.68	9.831	6.11	5.346	4.533	5.53	5.916	5.289	18.655	16.585	9.206	19.632	16.24	15.766	8.202	4.441	5.844	3.955	6.619	10.339	3.908	9.504	4.479	6.658	4.038	8.605	15.34	8.85	11.284	10.222	7.278	6.105	4.018	5.797	8.136	4.154	3.649	5.646	4.77	6.226	5.807	13.942	4.852	5.861	8.449	2.496	3.551	8.54	7.885	7.227	5.689	5.627	4.677	7.529	7.381	8.042	6.657	11.427	7.903	7.456	8.022	5.66	9.03	10.509	7.388
Chloroflexi	0.333	15.257	0.000128346	0.000210021	Enriched	1.414	1.122	1.424	0.876	1.009	3.155	1.485	1.684	2.261	1.045	1.276	2.066	1.184	1.533	1.555	1.207	1.434	0.827	1.236	1.244	1.516	1.045	0.774	1.633	1.028	0.813	2.401	0.978	2.699	1.105	0.538	1.543	0.497	1.778	1.52	0.395	0.724	1.246	0.88	0.751	1.716	1.742	0.71	1.296	1.285	1.674	1.001	1.684	1.105	3.109	2.43	1.73	2.265	3.333	2.355	2.246	1.707	2.5	2.264	1.913	3.041	2.518	1.939	1.225	1.845	1.777	2.882	0.483	0.708	2.74	3.031	1.506	2.23	1.995	1.928	1.223	1.818	3.459	2.816	1.87	0.955	1.93	1.412	1.072	1.883	1.22	0.509	0.815	0.455	2.446	1.647	1.313	2.055	2.41	3.022	2.166	0.649	0.96	0.683	0.876	2.391	1.306	0.596	0.671	0.899	0.814	0.953	1.286	0.722	0.433	1.044	1.166	0.666	0.934	0.668	0.887	0.492	1.122	1.056	1.562	0.802	1.233	0.829	1.326	1.073	1.354	1.647	0.837	0.844	1.122	0.948	1.197	0.992	0.417	0.711	0.875	0.67	2.072	1.544	1.325	0.785	1.488	0.872	0.622	0.899	0.696	1.825	1.126	1.165	0.878	1.471	0.949	1.265	1.598	0.905	1.345	2.37	1.856	1.336	2.251	2.222	1.074	0.455	0.601	0.476	1.705	0.869	1.373	1.126	1.005	1.689	1.772	1.992	1.238	0.796	1.687	1.496	2.216	1.052	0.583	0.576	1.614	0.783	0.886	0.765	0.306	1.583	0.889	1.814	1	0.474	1.925	1.876	1.517	1.746	1.493	1.865	1.477	2.896	2.619	2.025	1.719	1.835	0.765	1.278	1.776	2.524	1.543	1.606	0.457	0.646	0.494	1.064	0.29	1.85	1.839	0.899	1.768	2.06	2.125	1.274	0.805	1.184	0.973	0.722	0.396	0.247	1.314	1.015	1.126	3.916	3.458	2.681	0.911	0.834	0.544	0.309	0.555	1.716	0.435	1.192	0.373	0.391	0.393	1.312	2.466	1.545	1.118	0.772	0.837	0.818	0.313	0.665	1.426	0.46	0.438	0.521	0.471	0.755	1.147	1.705	0.45	0.846	3.193	0.561	0.514	0.674	0.929	0.951	1.082	0.244	0.638	1.275	1.347	1.103	1.241	1.514	1.514	0.35	0.464	0.574	1.844	1.461	1.632
Bacteroidetes	0.527	16.577	2.41E-07	7.24E-07	Enriched	3.88	2.692	3.749	0.981	2.023	2.412	2.85	4.34	2.904	1.779	1.427	4.102	3.753	2.726	6.282	5.963	6.14	6.885	6.856	6.142	3.815	6.7	6.543	6.319	3.435	4.065	3.687	7.072	5.711	3.527	3.586	4.058	3.271	5.627	7.348	3.659	3.25	5.546	2.894	2.941	6.805	5.859	4.097	4.542	3.342	4.289	4.07	6.915	3.516	7.708	2.41	3.349	2.736	4.42	2.163	6.134	4.519	7.278	6.309	9.774	7.106	8.067	4.169	2.068	4.528	4.348	6.109	3.417	3.811	3.576	3.433	4.278	4.299	1.885	5.895	6.863	5.444	4.958	3.701	4.192	3.795	7.145	6.43	7.137	6.459	4.416	4.364	6.092	4.236	3.829	4.128	4.121	4.946	3.505	2.209	5.556	3.974	6.867	5.712	6.072	4.048	3.376	1.937	1.195	1.183	3.277	3.098	4.299	2.357	2.577	4.868	5.459	6.407	8.331	3.155	5.551	4.452	1	2.313	4.513	5.738	3.389	4.015	4.56	2.056	2.888	2.833	2.929	1.584	1.453	3.416	2.635	3.881	4.559	2.8	4.185	5.74	2.183	1.374	1.194	2.128	2.504	2.492	2.303	7.276	6.843	7.967	1.358	1.165	1.489	0.166	2.457	2.792	1.538	0.885	1.677	2.037	2.086	4.18	2.563	2.594	3.906	3.327	1.493	0.87	1.434	1.222	2.376	1.186	3.387	2.243	1.933	1.992	2.777	3.459	2.545	4.158	4.893	1.854	4.103	2.246	3.72	2.762	3.478	1.506	2.691	1.723	6.406	4.741	3.158	4.368	2.918	2.869	1.577	4.305	4.007	2.175	5.284	3.248	3.292	4.684	3.266	3.169	2.755	5.152	2.939	3.278	1.754	2.63	2.105	4.229	1.959	3.883	0.786	1.739	3.668	6.696	1.045	3.317	4.29	2.779	1.593	3.711	1.866	1.172	2.667	2.25	3.129	3.468	2.824	1.903	2.626	2.932	4.516	2.065	2.319	0.927	0.371	1.265	0.724	1.212	1.964	1.692	2.685	1.453	2.106	1.164	2.71	3.297	6.463	4.574	2.124	2.136	1.698	4.557	3.418	4.789	1.66	2.571	3.965	1.444	1.574	2.495	4.585	2.707	1.806	3.567	3.465	3.238	4.026	1.302	1.993	2.56	1.961	3.299	1.341	4.07	1.434	2.352	1.735	1.46	2.816	3.293	5.977
Acidobacteria	0.5	15.075	1.36E-10	6.14E-10	Enriched	1.58	1.117	1.253	1.041	0.925	3.266	1.074	1.935	1.929	0.918	0.839	2.046	1.475	1.704	2.182	2.061	1.596	2.091	1.729	1.495	2.239	1.949	2.137	1.361	1.511	1.001	1.748	1.931	2.951	1.417	1.366	1.082	1.385	2.576	3.452	1.649	1.555	2.552	1.316	1.164	1.967	1.923	1.817	1.749	1.245	1.583	1.085	1.894	1.447	3.27	1.827	1.81	1.373	2.426	1.55	1.692	1.647	2.52	2.264	2.245	2.218	2.075	1.487	1.054	1.666	1.556	2.144	1.383	0.999	1.823	1.747	1.848	2.742	1.253	2.039	1.304	1.456	2.434	2.002	1.97	1.325	1.598	1.312	1.921	2.288	1.643	1.209	2.713	0.888	1.704	1.838	1.564	2.599	2.169	1.938	2.567	1.686	2.212	1.695	2.145	2.2	2.391	0.925	0.935	1.103	1.689	1.193	1.677	1.118	0.887	1.666	1.629	1.81	1.787	1.082	1.405	0.78	1.293	1.478	1.199	1.276	1.113	1.335	1.286	1.344	1.063	1.788	1.55	0.823	1.042	1.336	1.539	0.888	0.958	1.114	1.65	1.275	2.032	0.834	1.114	0.703	1.549	1.598	1.579	1.347	1.357	1.624	1.005	0.981	1.086	0.621	0.824	2.26	1.015	0.988	1.466	1.936	1.254	1.738	1.538	1.066	1.054	0.723	0.601	0.414	0.872	0.889	0.688	0.874	1.678	1.589	1.772	1.931	1.61	1.714	2.353	1.316	1.664	1.794	1.224	0.783	1.404	1.406	1.313	1.406	1.18	1.082	0.703	1.694	1.243	0.908	1.785	1.765	2.25	1.405	1.262	2.125	2.732	2.132	2.088	2.398	1.568	1.605	1.072	1.691	1.475	1.488	1.383	1.295	0.873	1.668	1.507	1.003	0.393	0.852	2.302	1.626	2.159	1.688	1.671	1.505	0.537	1.244	0.827	0.599	1.394	0.474	1.001	1.116	1.196	1.923	1.664	1.376	0.849	0.793	0.67	0.185	0.432	1.345	0.373	0.646	0.539	0.37	0.476	0.727	1.374	1.184	1.31	1.022	1.399	1.36	0.604	0.707	1.235	0.898	0.854	1.391	0.983	0.98	1.51	0.752	0.716	0.624	1.562	1.063	1.294	1.135	1.075	0.972	1.803	0.774	1.322	1.235	1.287	0.958	1.241	1.403	0.705	0.906	1.334	0.882	1.223	1.191	1.812
Verrucomicrobia	0.687	13.269	1.45E-07	5.22E-07	Enriched	0.257	0.159	0.207	0.146	0.105	0.44	0.186	0.298	0.329	0.021	0.147	0.356	0.19	0.084	0.378	0.355	0.295	0.311	0.186	0.146	0.358	0.462	0.147	0.231	0.126	0.083	0.232	0.229	0.358	0.126	0.062	0.271	0.352	0.711	0.987	0.208	0.228	0.333	0.168	0.125	0.313	0.293	0.23	0.292	0.253	0.209	0.188	0.285	0.221	0.651	0.229	0.312	0.162	0.252	0.307	0.385	0.295	0.606	0.73	0.441	0.708	0.595	0.254	0.288	0.255	0.355	0.546	0.063	0.188	0.495	0.486	0.366	0.474	0.255	0.405	0.214	0.274	0.637	0.578	0.483	0.146	0.541	0.296	0.485	0.55	0.231	0.254	0.265	0.124	0.206	0.295	0.264	0.332	0.487	0.327	0.501	0.264	0.229	0.414	0.313	0.426	0.281	0.143	0.122	0.102	0.167	0.203	0.369	0.185	0.103	0.281	0.318	0.458	0.427	0.167	0.207	0.164	0.166	0.223	0.147	0.185	0.123	0.255	0.306	0.122	0.208	0.349	0.167	0.105	0.143	0.268	0.144	0.062	0.083	0.104	0.313	0.084	0.294	0.104	0.145	0.041	0.166	0.187	0.207	0.273	0.387	0.418	0.084	0.104	0.063	0.041	0.082	0.248	0.105	0.144	0.245	0.25	0.145	0.251	0.291	0.103	0.103	0.041	0.041	0.083	0.062	0.083	0	0.146	0.188	0.211	0.25	0.336	0.126	0.231	0.463	0.187	0.267	0.214	0.083	0.144	0.29	0.227	0.282	0.124	0.082	0.102	0.165	0.224	0.183	0.165	0.103	0.145	0.368	0.241	0.145	0.41	0.399	0.462	0.185	0.468	0.215	0.188	0.331	0.474	0.286	0.311	0.206	0.209	0.124	0.229	0.226	0.125	0.041	0.125	0.338	0.147	0.168	0.196	0.337	0.278	0.083	0.208	0.041	0.083	0.062	0.103	0.042	0.165	0.126	0.335	0.209	0.229	0.041	0.021	0.104	0	0.021	0.187	0	0.083	0.041	0.041	0	0.083	0.147	0.124	0.233	0.166	0.251	0.147	0.042	0.083	0.189	0.188	0.146	0.416	0.184	0.143	0.388	0.081	0.102	0.1	0.242	0.042	0.102	0.021	0.145	0.084	0.334	0.082	0.144	0.145	0.265	0.163	0.244	0.186	0.124	0.123	0.121	0.082	0.21	0.187	0.265
Spirochaetes	0.499	15.234	3.01E-06	6.55E-06	Enriched	1.557	1.102	1.403	0.564	1.069	1.035	1.736	2.656	1.236	0.794	1.065	1.615	1.204	0.671	1.868	2.041	2.333	2.271	2.171	1.726	1.476	2.119	1.636	1.865	0.9	1.771	1.517	1.952	2.145	2.07	2.09	1.272	1.716	2.091	3.05	1.649	1.886	1.678	1.638	1.546	1.917	2.326	1.757	1.819	0.926	0.815	1.126	2.095	1.647	2.687	0.79	0.998	0.627	1.259	0.902	2.035	2.099	2.258	2.184	2.506	1.606	2.135	1.196	0.92	1.825	1.285	1.81	1.804	0.77	2.014	1.084	1.366	1.878	0.803	2.179	2.082	1.436	1.418	1.559	1.618	1.205	2.181	2.224	3.053	3.746	2.268	1.804	3.853	1.741	1.704	2.822	1.333	2.196	0.771	0.838	1.785	2.168	3.127	2.937	2.608	2.491	2.291	1.074	1.074	0.655	2.131	2.126	2.823	1.4	1.173	1.967	2.855	2.414	2.74	1.813	1.957	0.923	0.812	1.076	1.582	1.849	0.903	1.446	1.597	1.585	1.063	1.356	1.319	0.528	0.368	1.296	1.498	0.888	0.875	0.9	2.022	2.348	1.217	0.5	0.412	0.145	0.911	1.326	1.66	3.105	3.095	2.259	0.649	0.751	0.795	0.331	0.742	1.577	0.832	1.013	0.612	1.704	0.791	1.969	1.126	0.837	1.526	0.476	0.456	0.352	0.332	0.559	0.5	0.521	1.528	0.866	0.999	0.776	0.961	1.805	1.767	1.577	1.925	1.202	2.247	1.133	1.554	1.818	2.416	1.677	1	0.676	0.909	1.734	1.614	2.802	0.849	1.023	0.674	1.786	1.072	1.123	3.244	1.81	1.244	2.67	1.719	1.063	1.383	2.023	1.836	1.639	0.598	1.255	1.313	1.859	1.135	0.94	0.373	0.561	1.307	1.195	0.503	1.236	2.266	1.766	0.455	1.404	0.807	0.825	2.126	0.556	1.414	1.669	0.963	0.44	0.187	0.604	0.931	0.938	1.084	0.226	0.144	0.456	0.124	0.355	0.456	0.454	0.952	0.541	0.675	0.374	1.018	1.313	1.983	2.206	1.273	0.665	1.115	1.613	1.226	1.835	1.54	1.757	2.023	0.305	0.635	0.363	2.082	1.815	1.455	1.286	1.959	1.313	1.843	0.673	1.272	0.845	0.816	0.958	0.835	1.884	0.332	1.091	1.454	1.07	0.945	0.75	1.352
Ignavibacteriae	0.661	13	8.82E-11	5.29E-10	Enriched	0.329	0.208	0.35	0.146	0.211	0.325	0.144	0.362	0.444	0.23	0.147	0.356	0.316	0.252	0.504	0.563	0.441	0.662	0.351	0.374	0.295	0.588	0.314	0.294	0.293	0.251	0.295	0.812	0.653	0.25	0.621	0.166	0.352	0.565	0.72	0.313	0.352	0.436	0.377	0.438	0.313	0.524	0.439	0.479	0.295	0.335	0.417	0.589	0.362	0.819	0.249	0.374	0.284	0.349	0.288	0.345	0.393	0.435	0.345	0.651	0.554	0.442	0.254	0.288	0.333	0.335	0.487	0.357	0.271	0.362	0.388	0.346	0.71	0.275	0.443	0.365	0.359	0.374	0.347	0.406	0.208	0.454	0.253	0.303	0.466	0.231	0.509	0.611	0.31	0.206	0.464	0.547	0.374	0.386	0.45	0.622	0.405	0.584	0.6	0.626	0.469	0.402	0.247	0.203	0.143	0.271	0.365	0.327	0.309	0.268	0.463	0.572	0.687	0.629	0.25	0.371	0.184	0.166	0.162	0.38	0.576	0.452	0.361	0.326	0.285	0.124	0.291	0.231	0.147	0.184	0.288	0.329	0.083	0.208	0.147	0.416	0.231	0.314	0.125	0.186	0.083	0.186	0.312	0.207	0.469	0.58	0.537	0.188	0.146	0.105	0.041	0.123	0.414	0.167	0.185	0.204	0.209	0.104	0.251	0.291	0.123	0.145	0.124	0.103	0.124	0.187	0.145	0.063	0.083	0.188	0.296	0.333	0.251	0.209	0.356	0.294	0.187	0.307	0.254	0.229	0.227	0.29	0.289	0.282	0.228	0.061	0.143	0.124	0.407	0.327	0.35	0.373	0.271	0.245	0.241	0.248	0.246	0.259	0.23	0.185	0.429	0.323	0.271	0.227	0.413	0.286	0.642	0.185	0.251	0.145	0.208	0.144	0.23	0.062	0.166	0.38	0.147	0.252	0.511	0.516	0.596	0.041	0.208	0.083	0.062	0.209	0.144	0.334	0.433	0.251	0.293	0.292	0.27	0.248	0.125	0.104	0	0.082	0.208	0.062	0.062	0.145	0.082	0.124	0.104	0.253	0.167	0.296	0.208	0.334	0.273	0.083	0.104	0.168	0.23	0.125	0.271	0.144	0.245	0.246	0.184	0.082	0.081	0.222	0.25	0.206	0.105	0.248	0.127	0.373	0.122	0.308	0.165	0.123	0.142	0.163	0.248	0.042	0.062	0.101	0.123	0.294	0.25	0.367
Armatimonadetes	0.439	11.408	0.000824198	0.001236297	Enriched	0.069	0.051	0.041	0.042	0.063	0.115	0.062	0.064	0.193	0.105	0.063	0.272	0.063	0.084	0.105	0.083	0.063	0.104	0.124	0.083	0.084	0.084	0.042	0.042	0.063	0.021	0.063	0.062	0.084	0.042	0.041	0.042	0.062	0.146	0.124	0.042	0.062	0.041	0.042	0.021	0.084	0.084	0.042	0.063	0.063	0	0.042	0.081	0.04	0.189	0.062	0.062	0.121	0.213	0.134	0.115	0.138	0.17	0.115	0.191	0.21	0.135	0.059	0.077	0.059	0.039	0.137	0.042	0.042	0.114	0.156	0.115	0.158	0.059	0.135	0.043	0.042	0.113	0.154	0.097	0.103	0.13	0.042	0.04	0.106	0.084	0.064	0.061	0.021	0.103	0.063	0.101	0.166	0.101	0.102	0.16	0.081	0.063	0.104	0.042	0.106	0.08	0.041	0.02	0.02	0.042	0.081	0.061	0.041	0.041	0.1	0.064	0.042	0.081	0.021	0.041	0.041	0	0.061	0.127	0.041	0.041	0.021	0.061	0.041	0.062	0.078	0.084	0.042	0.041	0	0.041	0	0.021	0.042	0.042	0.042	0.084	0	0.021	0	0.041	0.042	0.062	0.059	0.039	0.079	0.042	0.021	0.042	0	0.021	0.083	0	0	0.061	0.063	0.062	0.042	0.105	0.103	0.021	0.021	0.021	0.021	0.062	0.021	0.021	0.021	0	0.042	0.042	0.063	0.084	0.021	0.042	0.062	0.143	0.039	0.021	0.021	0.021	0.103	0.06	0.041	0	0.021	0.041	0.081	0.061	0.041	0.145	0.062	0.082	0.06	0.041	0.02	0.12	0.173	0.082	0.098	0.043	0.145	0.021	0.083	0.061	0.041	0.062	0.084	0.042	0	0.082	0.063	0	0.021	0.127	0.021	0.168	0.138	0.139	0.119	0.021	0.021	0.041	0	0.042	0.041	0.063	0.104	0.021	0.084	0.166	0.146	0.041	0	0.042	0	0.021	0.062	0.021	0.062	0.062	0.021	0.021	0.042	0.084	0.042	0.085	0.063	0.042	0.042	0	0.042	0.063	0	0	0.063	0.061	0.061	0.061	0.041	0.061	0.04	0.121	0.021	0.041	0	0.021	0.063	0.02	0.02	0.021	0.021	0.041	0.061	0.02	0.021	0.021	0	0.081	0.021	0.063	0.104	0.082
Nitrospirae	0.709	14.399	1.04E-12	9.36E-12	Enriched	0.32	0.195	0.371	0.271	0.252	0.459	0.248	0.426	0.329	0.209	0.126	0.356	0.358	0.252	0.357	0.334	0.295	0.331	0.392	0.291	0.379	0.231	1.084	0.231	0.419	0.146	0.526	0.437	0.758	0.334	0.166	0.208	0.207	0.439	0.597	0.187	0.352	0.436	0.315	0.25	0.439	0.419	0.271	0.334	0.19	0.167	0.25	0.366	0.201	0.651	0.458	0.52	0.284	0.504	0.345	0.288	0.334	0.435	0.326	0.479	0.592	0.326	0.353	0.211	0.215	0.415	0.39	0.105	0.083	0.267	0.388	0.405	0.592	0.333	0.482	0.3	0.274	0.524	0.463	0.386	0.228	0.238	0.169	0.364	0.466	0.294	0.233	0.489	0.227	0.432	0.401	0.345	0.54	0.243	0.47	0.582	0.264	0.293	0.331	0.438	0.319	0.321	0.102	0.101	0.143	0.25	0.223	0.307	0.206	0.248	0.221	0.275	0.292	0.325	0.25	0.227	0.206	0.354	0.223	0.274	0.206	0.164	0.361	0.326	0.224	0.25	0.252	0.252	0.19	0.287	0.309	0.453	0.186	0.208	0.272	0.313	0.272	0.441	0.417	0.31	0.682	0.434	0.354	0.27	0.273	0.27	0.377	0.293	0.126	0.126	0.124	0.144	0.228	0.167	0.185	0.265	0.291	0.145	0.167	0.313	0.163	0.186	0.165	0.062	0.145	0.332	0.186	0.146	0.229	0.272	0.296	0.312	0.377	0.209	0.377	0.441	0.291	0.307	0.194	0.188	0.164	0.269	0.289	0.342	0.289	2.161	0.308	0.207	0.326	0.306	0.186	0.29	0.229	0.327	0.301	0.29	0.328	0.538	0.403	0.286	0.448	0.279	0.209	0.268	0.495	0.266	0.269	0.31	0.313	0.124	0.208	0.102	0.251	0.062	0.228	0.338	0.293	0.462	0.334	0.337	0.258	0.062	0.124	0.187	0.103	0.125	0.041	0.25	0.165	0.209	0.482	0.396	0.312	0.124	0.104	0.084	0.041	0.062	0.269	0.145	0.166	0.145	0.103	0.041	0.125	0.253	0.188	0.212	0.166	0.146	0.105	0.083	0.083	0.272	0.125	0.146	0.209	0.123	0.082	0.164	0.162	0.184	0.302	0.384	0.125	0.185	0.105	0.165	0.211	0.255	0.122	0.103	0.165	0.224	0.163	0.183	0.31	0.124	0.103	0.161	0.103	0.232	0.333	0.285
Latescibacteria	1.731	9.646	0.002114976	0.002719254	Enriched	0.008	0.002	0	0	0.021	0.038	0	0	0.077	0	0	0	0	0	0	0	0	0	0	0	0	0	0	0	0	0	0	0	0.021	0	0	0	0	0.021	0.021	0	0	0.041	0	0	0	0	0	0	0	0	0	0	0.02	0.021	0	0	0	0	0.019	0.019	0	0.019	0.038	0.077	0.038	0	0	0	0	0.02	0	0	0	0.019	0.019	0.077	0.039	0	0.019	0	0.042	0.019	0.039	0.039	0	0	0	0.02	0.021	0.021	0	0	0	0.021	0	0.02	0	0.041	0.02	0.08	0	0	0	0	0.043	0	0	0	0	0.021	0	0	0	0	0	0	0	0	0	0	0	0	0	0.021	0	0	0	0	0	0	0.019	0	0	0	0	0	0	0	0	0	0	0	0	0	0	0	0	0	0.02	0.039	0.04	0	0	0	0	0	0	0	0	0	0	0	0	0	0	0	0	0	0	0	0	0	0	0	0	0	0	0	0	0.021	0	0	0	0	0	0	0.041	0	0	0	0	0	0	0	0	0.021	0	0.02	0	0	0	0.02	0.019	0.02	0.059	0.022	0.042	0	0	0	0	0	0	0	0	0	0	0	0	0	0	0	0.02	0.04	0	0	0	0	0	0	0	0	0	0	0.042	0	0	0	0	0	0	0	0	0	0	0	0	0	0	0	0	0	0	0	0	0	0	0	0	0	0	0	0	0.02	0	0	0	0	0	0	0	0	0	0	0	0	0	0.02	0	0	0	0.021	0	0	0	0	0	0.02
Poribacteria	0.626	10.027	0.001855698	0.002569428	Enriched	0.022	0.014	0.021	0	0.021	0.019	0.041	0.021	0.039	0	0	0.042	0.021	0.042	0.063	0.021	0.021	0.021	0.021	0.021	0.042	0.042	0.042	0.021	0.021	0.021	0.021	0.021	0.063	0.021	0.021	0.021	0	0.042	0.021	0	0	0.021	0.021	0	0.021	0.042	0.021	0.042	0.021	0.021	0.042	0.02	0.02	0.042	0	0.042	0.04	0.019	0.038	0	0.02	0.019	0.038	0.038	0.019	0.058	0.02	0.019	0.039	0.059	0.02	0	0	0.057	0.058	0	0.02	0.02	0.039	0.021	0.021	0.056	0.019	0	0.021	0	0.021	0.02	0.042	0.021	0.021	0.02	0.021	0	0.021	0	0.021	0.081	0.082	0.08	0	0.021	0	0	0.021	0.02	0.021	0	0.041	0	0	0.02	0	0	0.02	0.021	0	0.02	0.021	0.021	0	0.021	0	0.042	0	0	0.043	0.02	0	0.021	0.019	0.021	0.042	0.02	0.021	0.041	0	0.021	0.021	0.021	0.021	0.042	0.021	0	0.021	0.021	0.021	0.021	0.02	0.019	0.079	0.021	0	0.021	0	0	0.021	0.021	0	0.041	0	0.021	0.021	0.021	0	0.021	0	0.021	0.021	0.021	0	0.021	0	0.021	0.021	0.021	0.021	0.021	0.021	0.021	0.021	0.02	0	0	0.021	0.021	0	0.04	0	0.02	0	0.041	0.041	0	0	0.021	0.104	0.041	0	0.041	0	0.02	0.019	0.02	0.02	0.043	0	0.021	0.021	0.041	0.021	0.041	0	0	0.021	0.021	0.021	0.021	0.042	0.021	0	0	0.039	0.04	0.02	0.021	0.021	0.021	0	0	0	0	0	0.021	0.042	0.042	0.021	0	0.021	0	0	0.021	0	0.021	0.021	0	0	0	0.021	0.021	0.021	0.021	0.021	0	0	0	0.021	0.021	0.021	0.021	0	0	0	0.02	0	0.02	0.02	0.02	0	0.021	0	0	0.021	0	0.02	0.021	0.041	0.02	0	0	0	0	0	0	0	0.021	0.021	0.02
Deltaproteobacteria	0.719	17.881	7.15E-15	1.29E-13	Enriched	11.276	6.851	8.591	5.277	4.731	11.255	9.663	12.63	8.23	5.889	7.568	16.751	8.318	6.043	14.342	13.475	17.773	18.594	13.169	14.753	10.641	18.081	9.664	11.994	13.399	11.972	13.061	24.142	18.331	9.395	10.849	8.005	16.755	15.862	17.111	18.496	13.038	14.972	23.513	20.578	16.762	17.417	18.074	12.06	8.361	10.622	8.955	13.931	10.447	15.898	13.154	10.458	7.859	13.995	10.264	11.986	13.255	15.725	13.987	18.723	13.449	12.388	5.596	5.792	6.902	8.475	8.991	12.327	6.971	15.511	7.789	11.047	11.753	9.153	13.759	12.533	9.16	14.381	9.223	15.581	8.755	8.914	9.936	14.254	16.098	14.316	15.621	17.752	12.576	10.325	18.881	13.134	15.513	8.888	8.424	13.739	16.257	22.118	22.1	17.12	12.857	14.467	12.042	10.845	7.018	14.071	11.03	22.5	9.547	6.75	11.944	12.465	23.435	15.056	8.052	13.752	7.861	8.166	8.928	9.248	15.175	8.561	11.845	9.603	8.737	6.729	13.461	10.469	6.858	5.952	10.148	12.672	6.548	8.535	8.289	15.793	16.459	8.38	5.846	6.694	4.296	12.167	13.264	10.46	24.019	18.69	10.791	6.275	7.323	9.264	1.801	7.321	12.655	7.306	7.819	6.586	10.386	7.373	8.128	8.222	5.51	7.762	4.339	2.945	2.695	3.531	6.06	5.253	5.206	8.04	12.772	12.482	7.866	10.164	20.068	11.412	7.1	14.136	7.745	11.135	8.732	7.049	12.252	11.627	10.743	5.102	5.43	5.413	6.917	13.436	16.168	7.44	5.807	6.87	10.739	6.883	10.225	13.259	11.161	8.169	14.305	10.02	7.211	7.924	13.585	11.837	9.672	6.804	6.554	8.318	9.916	7.533	7.816	3.396	6.555	9.136	7.318	13.056	10.754	14.802	13.844	2.124	6.771	4.323	3.697	12.735	3.189	10.732	10.755	7.055	5.088	4.371	4.911	6.049	3.839	4.629	2.493	2.504	6.595	2.315	2.624	3.708	2.533	5.19	3.787	5.565	5.288	7.849	6.254	8.174	7.304	5.812	4.203	5.886	9.337	9.63	13.511	6.309	9.469	8.222	2.728	5.994	3.196	9.971	8.221	6.762	10.248	6.71	8.179	9.795	4.466	6.77	4.266	5.219	5.114	4.315	10.725	3.279	4.383	6.889	5.39	6.514	4.954	7.238
Alphaproteobacteria	-0.401	18.545	3.28E-06	6.55E-06	Depleted	9.684	12.785	7.148	7.801	4.876	12.059	9.392	7.638	13.365	8.23	14.172	7.152	9.01	9.301	10.807	6.818	7.463	9.347	7.529	7.928	8.804	9.723	11.741	7.136	5.168	13.884	10.951	4.768	5.64	7.425	14.466	16.13	7.986	5.021	5.989	7.469	7.141	7.636	6.411	8.432	9.204	3.826	7.681	6.753	9.535	7.816	8.241	13.029	17.88	6.45	10.443	10.961	13.231	8.145	15.597	6.114	8.114	9.697	8.674	5.728	6.022	4.935	9.283	5.29	5.037	7.411	19.62	6.424	6.911	6.809	7.709	7.391	8.468	5.955	6.166	5.731	7.683	10.76	6.387	5.599	8.132	5.758	7.382	6.975	8.17	14.417	6.037	6.173	6.922	9.092	6.679	13.435	7.283	9.782	5.563	5.917	8.439	6.052	10.898	6.656	7.865	9.705	17.962	8.676	4.953	5.679	8.984	6.79	8.5	9.076	6.394	3.116	5.632	7.207	7.631	5.26	9.646	11.823	10.255	6.236	7.668	7.679	8.734	8.176	5.146	5.676	5.425	8.757	12.332	12.625	10.45	9.715	8.112	18.979	11.038	6.518	9.664	13.882	37.806	13.247	22.185	16.39	12.661	10.36	5.206	3.638	8.361	12.772	11.35	10.662	16.608	9.958	9.943	11.758	16.441	14.657	13.008	17.855	19.492	10.252	12.266	7.843	17.835	12.323	9.958	13.741	14.523	11.829	8.744	12.663	11.163	11.677	11.97	17.51	9.338	9.14	6.618	7.991	8.347	10.533	19.349	9.466	9.671	6.485	10.642	21.109	11.22	10.325	7.698	10.728	9.51	8.663	3.139	11.952	14.552	7.985	15.037	12.355	8.778	16.158	7.475	12.965	10.23	12.322	6.33	7.604	15.081	12.225	12.647	21.848	8.79	12.555	4.114	19.635	11.06	9.92	8.915	15.768	8.402	6.273	8.216	10.117	9.429	10.932	11.22	11.03	11.797	9.909	9.921	8.663	8.985	7.669	4.198	15.823	14.035	13.053	24.633	38.255	15.558	7.806	10.315	4.77	10.913	8.396	11.02	13.235	10.234	8.08	8.258	6.835	6.86	14.931	23.671	8.006	12.402	14.072	8.046	22.239	12.251	16.101	17.051	12.831	18.133	6.167	11.128	13.644	11.253	7.573	7.307	9.384	19.224	8.853	24.193	21.821	27.775	12.914	9.342	15.244	25.219	23.764	19.801	12.026	11.21	14.316
